-0.1446798774  -0.2352632236  -0.2481825016  -0.3059998392  -0.3775686853  -0.2221792979  -0.3385302144  -0.2497888649  -0.6466056252  -0.2478372592  -0.5195083651  -0.195145341  -0.1532085649  -0.1758929667  -0.2595151537  -0.18833839  -0.02220716965  
-0.3857979213  -0.3725935474  -0.6981016444  -0.5046889942  -0.5919334526  -0.4066727629  -0.5928012097  -0.2047321048  -0.6782318884  -0.0602029189  -0.5882583321  -0.02443918687  0.08408831697  -0.007030281709  -0.2978264511  -0.08032780749  0.553851376  
-0.004399611284  -0.3330891443  -0.2418725359  -0.1481814851  -0.2490583324  0.1929036155  -0.1276443255  -0.1891689579  -0.454933041  -0.04084772586  -0.2725924425  0.03760973308  -0.09936000859  -0.1982069996  -0.356670028  -0.2119593507  0.002403839404  
-0.03856150328  -0.1751417825  0.2172234786  -0.04728543414  -0.04367603585  0.2856561072  0.0619159141  0.002066781318  0.1276558601  0.03439249012  -0.08630158718  -0.05592585832  -0.115065066  -0.43018882  -0.2390983876  -0.1849664224  -0.422055522  
-0.2352749137  -0.4124860409  -0.2681898256  -0.138638213  -0.4457575082  -0.2615643026  -0.3504075471  -0.2339174425  -0.7787610496  -0.2541014633  -0.4864702449  -0.1503121161  -0.008283646478  -0.1935526011  -0.2748675136  -0.1218698593  0.003937662641  
-0.3919906419  -0.3698572817  -0.3975615694  -0.2223968891  -0.3473997632  -0.151234992  -0.1665367314  -0.1647644337  -0.718488133  -0.02829679085  -0.3085608915  0.02830448421  -0.008772576341  0.08870465545  -0.4329781863  0.1406368118  0.282540197  
-0.1569083735  0.03749654165  -0.4103472847  -0.2229824149  -0.1253422152  -0.07803987104  -0.1490443668  0.07039166614  -0.5054610605  0.03534191093  -0.3352590594  0.06525151729  0.008046399217  -0.1058281252  -0.3066258498  -0.1414206373  -0.02183985308  
-0.2532387585  -0.3236432306  -0.3631639217  -0.2521625639  -0.2974464457  -0.3975282659  -0.3182991939  -0.3475214935  -0.3570637896  -0.2895740469  -0.4693471029  -0.2811738681  -0.3719965822  -0.394476678  -0.3204248559  -0.4157589205  -0.346560279  
-0.2403452829  -0.1639955931  -0.3049909072  -0.07771906846  -0.3753102772  -0.4893025363  -0.3425014865  -0.08663120325  -0.5902828201  -0.2117074104  -0.4634928188  -0.2960089366  0.02646564123  -0.07444117847  -0.376581432  -0.02854518756  0.0584441496  
-0.2866090483  -0.2020116106  -0.525841079  -0.4100816225  -0.4391880411  -0.2781191095  -0.4554947508  -0.0809249385  -0.6867958392  -0.1572816802  -0.4999351625  -0.3641228185  0.005800862199  0.06533842177  -0.3576691336  0.1941826007  -0.2073743131  
-0.01554457826  -0.245730087  -0.02299667519  -0.2010829356  -0.1750018004  -0.05000233911  -0.379281584  -0.4585233751  -0.4821763623  -0.337568129  -0.6552218051  -0.1839852419  -0.4313677017  -0.3778744769  -0.5845885416  -0.313898693  -0.1930129172  
-0.3361065531  -0.411103097  -0.4107163679  -0.4173415548  -0.4369932523  -0.0460433889  -0.3395283331  -0.1748838867  -0.6847399538  -0.1324347772  -0.5856622346  -0.03522460069  -0.157930415  -0.2266980466  -0.3871600349  -0.09205023796  -0.198964437  
-0.247785482  -0.4207052274  -0.2943960965  -0.4390877797  -0.3503044052  -0.04577782086  -0.3992672328  -0.3129191909  -0.5846875721  -0.2252660307  -0.6115842637  -0.2024530316  -0.2300937022  -0.3470473759  -0.6213036699  -0.254312067  -0.04089019902  
0.3500996045  -0.06846677413  0.1780972427  0.01139447767  -0.05049628255  0.3949476223  0.02453245586  0.00167500159  -0.2349653448  0.02138354294  -0.1765827366  -0.0396141773  -0.004209520308  0.01774990974  -0.007800542893  0.2490443692  0.1440990048  
-0.1971560967  -0.2114463817  -0.2577196177  -0.310095525  -0.1622400604  0.02019825593  -0.3723509708  -0.2188158197  -0.1837151293  -0.05386837238  -0.2528685833  -0.3924557625  -0.1306446578  0.03292687978  0.0885828746  0.03421535131  -0.2910720538  
0.05269091241  -0.2390476745  0.1595566358  0.02355722985  -0.0240840207  0.07039057542  -0.2031851194  -0.1441766885  -0.4317385436  -0.0537810312  -0.6133732487  -0.02939025848  0.07835183151  -0.2778875768  -0.5878991712  -0.1271567589  -0.06124294734  
0.1094519426  -0.0555957172  0.09957970745  0.07799487054  -0.01024337129  0.02390018242  -0.1804142057  -0.1316762081  -0.1537631431  -0.1898404331  -0.2749613458  -0.2355458872  -0.1804844348  -0.2297047659  -0.3461172221  -0.1690928165  -0.1433623092  
-0.4061606614  -0.6552160159  -0.5643050833  -0.3995944752  -0.5780321336  -0.7909299627  -0.7020979221  -0.5002675352  -0.7849897619  -0.517942449  -0.7929927233  -0.6602433747  -0.4468722929  -0.478931883  -0.6241593143  -0.6088753262  -0.6105319262  
-0.5439988831  -0.4028893034  -0.4570539871  -0.4124174452  -0.6313293571  -0.8590904014  -0.7368537864  -0.8435637915  -0.8608770621  -0.7597076702  -0.9092319621  -0.8630347823  -0.8762242614  -0.8702165793  -0.9355818975  -0.942292597  -0.9807946892  
-0.039148125  -0.2039498633  0.177347318  0.09301394737  -0.03398130465  0.1532879071  -0.2565401239  -0.3561738302  -0.2498747497  -0.1767579526  -0.4158693807  -0.117639207  -0.3883611769  -0.4276067417  -0.4304173763  -0.3962326718  -0.3698465641  
0.001143189387  -0.190488962  -0.3342343053  -0.2449539025  -0.3020070124  0.1879075092  -0.3568123974  -0.1876569944  -0.5622469827  -0.1112055962  -0.6205041917  0.2084541626  0.01570568387  -0.1047226269  -0.583598509  -0.00288449674  0.3722172813  
-0.407682852  -0.4647046896  -0.6964512649  -0.5757378249  -0.5056057922  -0.3843849217  -0.5254801471  -0.2198148485  -0.6581573533  -0.2044210986  -0.5647290167  -0.2885620069  -0.1653944792  -0.1682242996  -0.4604606026  0.007098209228  -0.02937979679  
-0.3423245921  -0.3928958206  -0.5797058654  -0.3852105394  -0.6146554714  -0.561503978  -0.4361044109  -0.3495288252  -0.9223098485  -0.4719092871  -0.7548386589  -0.4980872908  -0.5933473048  -0.4522886513  -0.808909429  -0.4571270221  -0.2328212507  
-0.1967631508  -0.3595594613  -0.4188984712  -0.5040300852  -0.4523187916  -0.255703419  -0.4552007333  -0.3214645734  -0.6245411686  -0.2537414083  -0.5924301221  -0.3075779863  -0.311742553  -0.5947267311  -0.4929862031  -0.6195079557  -0.4952327986  
-0.4612256462  -0.622088321  -0.6861908554  -0.6823055302  -0.7610493922  -0.6864486386  -0.7708506583  -0.5878015839  -1.086286434  -0.5317534636  -0.9569485057  -0.615150294  -0.4652277305  -0.6088115788  -0.827755601  -0.5620446743  -0.6190520805  
-0.2899820385  -0.4094952849  -0.4494175699  -0.4577307609  -0.5365204486  -0.1691679996  -0.4634739026  -0.4366736821  -0.7425979693  -0.4064198184  -0.5542156966  -0.4067383807  -0.5012565297  -0.5447078844  -0.585517554  -0.3560646581  -0.5429596114  
-0.09090199297  -0.1422100566  -0.2417057687  -0.006668347753  -0.2713298287  -0.1334459105  -0.2235455897  0.1213430775  -0.4983474081  0.1344870825  -0.3854433832  0.05797593169  0.1915194694  0.1163259034  -0.2467332233  0.1522066267  0.4587776403  
-0.3000500515  -0.3364284493  -0.4580872271  -0.4201283757  -0.5121036516  -0.242011617  -0.3117975938  -0.1243652896  -0.8161212227  -0.1579878573  -0.6200416971  -0.06384268608  -0.1173743367  -0.09661078923  -0.4545042347  -0.1754012776  -0.1421012445  
-0.3056612821  -0.1914086825  -0.289843165  -0.3396099309  -0.4347062277  -0.5482873438  -0.4795390321  -0.3946560578  -0.7174589472  -0.4620933784  -0.5883827857  -0.5828593  -0.4997106948  -0.5586580283  -0.6062653123  -0.5803802243  -0.6709105507  
-0.3386955184  -0.484738539  -0.396327034  -0.247326868  -0.4443747753  -0.3366785349  -0.5102941336  -0.2627405274  -0.7474636543  -0.2600721101  -0.5548532775  -0.2959531037  -0.07097695494  -0.2095875491  -0.4131158195  -0.3767555841  -0.20422517  
-0.18441906  -0.2348817425  -0.2331050702  -0.284624732  -0.3719083831  -0.1534480904  -0.2085347779  -0.2674657009  -0.698748847  -0.3042144214  -0.5086538249  -0.1975975223  -0.3636432437  -0.2941209019  -0.5013873284  -0.3689044803  -0.06934125499  
-0.2607092562  -0.2593618678  -0.1536817277  -0.07683029306  -0.1865399006  -0.1416116899  -0.166301392  0.06052120467  -0.2955487826  -0.2992377967  -0.3470440892  -0.2888341104  -0.1006336353  0.03829994888  -0.2266490988  -0.04764084289  -0.131490238  
-0.150388925  -0.1902376732  -0.3330961027  -0.2730460679  -0.244158735  -0.04117442405  -0.2583821402  -0.2243644303  -0.4706819763  -0.1705650228  -0.3604772353  -0.1675241979  -0.2148882203  -0.1761285599  -0.411513116  -0.1179075012  -0.1756106987  
-0.2245498381  -0.4452193481  -0.4066974621  -0.2917006888  -0.4894347682  -0.2003993931  -0.3852072916  -0.3785915931  -0.8718806648  -0.2859272851  -0.7319969679  -0.132849712  -0.200358784  -0.3490252278  -0.7308951814  -0.3623667198  -0.01848369672  
-0.4357924603  -0.4523349113  -0.6431201267  -0.611821186  -0.6044243028  -0.5262191435  -0.6597624908  -0.4436239149  -0.8225700726  -0.4619919255  -0.7709896292  -0.5012750042  -0.3785626057  -0.3243679032  -0.5638967736  -0.3250278773  -0.02767231446  
0.1074992072  -0.07148297123  -0.07403545248  -0.02909311615  -0.1390588061  -0.2233258834  -0.1226662414  -0.1418755367  -0.3893735309  -0.06838456349  -0.370902817  -0.2266278272  -0.3206067057  -0.278833633  -0.3858744329  -0.2125202372  -0.1347467642  
0.06009696514  -0.1440976151  -0.3592033477  -0.2082867861  -0.1806784515  0.1558406154  -0.09006264868  0.2080272635  -0.6480277613  0.1552744235  -0.2198320171  -0.06339719321  0.1369372949  0.2054978656  0.01341779011  0.3217600738  0.8125457012  
-0.1703551741  -0.1909209584  -0.5400392241  -0.3774011354  -0.4255121542  -0.21751692  -0.2680563438  -0.49214609  -0.7320484925  -0.3214532438  -0.6809846724  -0.2310141107  -0.4544403706  -0.4998757528  -0.7629073295  -0.6246063453  -0.2681102437  
-0.2309727971  -0.2473720823  -0.09044711121  -0.1159305523  -0.3459252298  0.04623514561  -0.08809117097  -0.1136121116  -0.3974610625  -0.09207585912  -0.35282306  -0.06635194663  -0.04501480752  -0.09808909096  -0.3090766237  0.05505056903  0.2451546186  
-0.5865655654  -0.4491303977  -0.5192838764  -0.4429877181  -0.5744301925  -0.5154485491  -0.5085143879  -0.2314728805  -0.676389415  -0.4261721794  -0.6778485006  -0.3450398209  -0.1584534717  -0.4025309362  -0.5414521191  -0.2541687832  0.02761866679  
-0.3464622161  -0.07084250978  0.1562095078  0.4238351408  0.1045548513  0.187434071  -0.2199330493  -0.2542013386  0.2501220758  0.1525148842  -0.2400443  0.2813294485  -0.08265048314  -0.1286705767  -0.5029054808  -0.1143008768  -0.02400118466  
-0.1972385705  -0.3634798331  -0.4579241417  -0.5074175944  -0.494201132  -0.3536024998  -0.5110431491  -0.356914292  -0.8632025715  -0.3377032226  -0.6134914354  -0.3505513134  -0.2856575667  -0.3379689257  -0.5248458528  -0.2508975896  -0.04836022563  
-0.6569486015  -0.5374633148  -0.3212152894  -0.4110723822  -0.3165209656  -0.2134947889  -0.2200245277  -0.5573765305  -0.5461606904  -0.4420016719  -0.5324511233  -0.2810115577  -0.5040558984  -0.3202572463  -0.697155428  -0.3471142782  -0.5997860883  
0.2759161265  -0.06953133414  0.01392747065  0.05443641612  -0.07012620786  0.3960787372  -0.1877705031  -0.01172722537  -0.2111812523  0.01023609341  -0.3206136409  0.03628339387  -0.03763352768  -0.09907654587  -0.2941325078  0.1842872611  -0.04654474226  
-0.08756158188  -0.2725494229  0.1593834871  -0.164127187  -0.02382746225  0.1093075203  -0.04607233373  -0.1927841929  0.1498048301  -0.1018002116  -0.3319506654  -0.2062573695  -0.2259485257  -0.3170384937  -0.2981479109  -0.3279750512  -0.3729813596  
-0.2453764344  -0.4251865427  -0.2495863702  -0.354532846  -0.2627259487  0.08645711785  -0.3309121651  -0.6117939896  -0.7443029009  -0.2888120033  -0.7085969118  -0.2922403983  -0.4738293114  -0.4854839933  -0.6046852092  -0.4342447869  -0.6358548068  
-0.5155366348  -0.4433577756  -0.7758665172  -0.5896145668  -0.6525977052  -0.5200776199  -0.6457577916  -0.3692209247  -0.7392265364  -0.4338376324  -0.6058721695  -0.4752604495  -0.2046113808  -0.2914190449  -0.5121562909  -0.2432707855  -0.2530669238  
0.01775359641  0.0500610421  0.2033282281  0.28205716  0.03423697185  0.4013930459  0.2275493429  -0.09082489833  -0.3461538521  0.1829277086  -0.2260259068  0.1747126252  -0.05944302705  0.02459961022  -0.2316664519  0.04482507601  0.2382241964  
-0.4024273082  -0.3080347223  -0.522183845  -0.4129177215  -0.5020601826  -0.354249444  -0.4012994559  -0.2943463269  -0.6954980125  -0.2143807313  -0.400170447  -0.4582232489  -0.2042620207  -0.464179655  -0.3201401641  -0.2911884234  -0.3527700307  
-0.3059589807  -0.4325934097  -0.2978401538  -0.2658145586  -0.379383972  -0.09046858657  -0.3996254165  -0.4336566525  -0.774243516  -0.1731976235  -0.6136846672  -0.06615918056  -0.08499442195  -0.1882171146  -0.4359737254  -0.1296877042  0.06242713628  
-0.191098213  -0.3334699474  -0.4681922926  -0.3681877162  -0.3629179156  -0.1744798652  -0.4219477287  -0.3570569981  -0.8389786962  -0.2564363513  -0.6670139322  -0.2948203765  -0.3290476899  -0.4200782857  -0.5886448574  -0.447188129  -0.3964591377  
-0.2763952292  -0.4039539179  -0.367299827  -0.150392853  -0.5378234379  -0.432602757  -0.4915003627  -0.3062109413  -0.9284343846  -0.4366075353  -0.7900932138  -0.4750361564  -0.5035282105  -0.4264611487  -0.6261035672  -0.4788685892  -0.2122775907  
-0.2668929492  -0.2730491734  -0.3599807286  -0.261969526  -0.378031132  -0.1140541584  -0.2842430493  -0.1597203409  -0.6237849259  -0.1155710821  -0.3568807988  -0.0273458327  -0.1575088627  -0.3012867491  -0.4348763902  -0.3370520817  -0.03501209429  
-0.1052790127  -0.2716754839  -0.323554222  -0.1914677074  -0.3165947647  0.09570828704  -0.2517551804  -0.228710213  -0.6648387804  -0.05808402391  -0.279662459  -0.05810284445  0.3055070387  0.03236878587  -0.4682007063  -0.2063780912  0.3431615003  
-0.2857489979  -0.4248822503  -0.5617565166  -0.4514350178  -0.5495762933  -0.4995932735  -0.5530574889  -0.4341793708  -0.786332539  -0.3802180784  -0.6408839748  -0.4715244334  -0.3377747519  -0.398089226  -0.6216794814  -0.375446007  -0.09075212322  
0.05710830137  -0.1699114855  0.02875438265  -0.1237985168  -0.2674709127  -0.07002469089  -0.2320706759  -0.1576207309  -0.4262333605  -0.2925197302  -0.4519987287  -0.2476698778  -0.328350253  -0.2854834168  -0.3765351285  -0.2280215964  -0.05627666084  
-0.3048978495  -0.3389037833  -0.350679006  -0.2928486915  -0.3462481792  -0.1514216154  -0.223536824  -0.1078917151  -0.6731709578  -0.1936849971  -0.4653696495  -0.2686178291  -0.1271696729  -0.105028137  -0.3515029913  0.02466234926  0.1374181354  
-0.2064355693  -0.162948729  0.02557771583  0.07838315496  -0.183931027  0.1215110863  -0.1979191895  -0.1655969433  -0.4025829319  -0.1796645279  -0.351712544  -0.4262514516  -0.300091132  0.01061122726  -0.1716477825  0.3679962878  0.01939585646  
-0.6950779685  -0.5034105024  -0.5218760062  -0.5009306724  -0.731645185  -1.407418926  -0.9134172793  -0.7003042767  -0.6283723349  -0.9958301592  -0.9121695381  -1.337160919  -0.9669779146  -0.9531718139  -0.7572271326  -0.8330707474  -0.9980132158  
-0.04452815146  -0.1467982043  -0.04164878919  0.1750530268  -0.2103961825  -0.09697900544  -0.1034036072  -0.01103797887  -0.4401257799  0.004567303571  -0.4166598272  -0.02354560027  0.08882797746  -0.1605937576  -0.2493212015  -0.0181441826  0.4782045971  
0.220458512  -0.1801702272  0.204787747  -0.2055909637  -0.03292935152  0.08736884245  -0.4164357593  -0.3138144811  -0.2213347855  -0.2087767096  -0.4343135853  -0.1515989529  -0.304829811  -0.3051497664  -0.4271333996  -0.0203957458  -0.338105225  
-0.05969769436  -0.4607837092  -0.4425835151  -0.424139706  -0.4415116766  -0.03952386856  -0.4806271361  -0.4037350224  -0.7332185228  -0.3195521794  -0.5996808274  -0.2564778156  -0.2251879481  -0.2449218209  -0.6238325483  -0.0005030207152  -0.322242838  
0.1211621923  -0.09891936065  -0.2138640444  -0.2718068226  -0.1570116785  0.3120574182  -0.1677182815  0.04954757621  -0.615589884  -0.1117869857  -0.3740762612  -0.2621890555  -0.09428334576  -0.1740360584  -0.2809537402  -0.06783293125  -0.2166596387  
0.141209917  -0.15938103  -0.05964321654  -0.254320487  -0.2010726417  0.2557270282  -0.191805716  -0.3217682574  -0.7030660483  -0.1723303616  -0.6071989545  -0.1603647982  -0.3174299531  -0.3599294148  -0.6071033923  -0.3344328708  -0.5370345478  
0.1388459054  0.103105752  0.3809891292  0.3820216968  0.1108732703  0.218306448  0.1119370123  0.02107514492  -0.3443397693  0.000710200765  -0.1487041836  -0.05549942768  -0.2736586414  -0.2302599662  -0.3305169214  -0.1601954747  -0.3098371539  
-0.1065721076  -0.1295547462  -0.1843392157  -0.08349728024  -0.1177330532  0.3053942669  -0.1472496763  -0.1321236418  -0.3985427149  -0.01550401361  -0.4035086049  0.05279921074  0.002081332706  0.03400083275  -0.1727640536  0.04285595856  0.1417473119  
0.3995468713  0.9331850318  0.9726049334  1.337629471  1.141434761  1.062796576  1.309446914  1.113903245  1.330474572  1.268429363  1.387839206  0.8441819974  1.088641554  1.024635285  1.279446741  0.8926786551  0.5585384942  
-0.06789419315  -0.02655039009  0.02748908666  -0.2677669305  -0.1228124714  -0.1659664613  -0.3013029859  -0.1837042223  -0.1505545097  -0.1310450998  -0.3027123041  -0.2767061947  -0.08989441781  -0.1389264965  -0.2122994072  -0.3166126994  -0.1389032888  
-0.4918471795  -0.4014363148  -0.08408024917  -0.007290798029  -0.2370404335  -0.2098852684  -0.3182322641  0.08615942304  -0.4178611276  -0.1033876239  -0.2821451563  -0.1738387182  -0.2256321197  -0.1583450347  -0.3621778541  0.04382580441  -0.1962016459  
-0.02632430701  -0.2196017482  -0.2996998733  -0.3287130079  -0.2253689274  0.1894530571  -0.2506914655  -0.1619040895  -0.3445618419  0.06638473483  -0.3415044801  -0.02581406142  -0.1171546718  -0.06490237429  -0.3272556924  0.06144896242  0.02376303941  
-0.4193257168  -0.4605884561  -0.6481341996  -0.5521328553  -0.6398871939  -0.5984035981  -0.6607780578  -0.5289905926  -0.9346083595  -0.5362529235  -0.8294694106  -0.6508896051  -0.4641251253  -0.6650863831  -0.7457997896  -0.6245708442  -0.503537162  
-0.3032279296  -0.3366999415  -0.2545860215  -0.2157614369  -0.2832835118  -0.001313225076  -0.4092610264  -0.2747460695  -0.4146100304  -0.229409755  -0.5214145989  -0.3111354433  -0.2525698905  -0.4062970984  -0.6545318316  -0.4419660838  -0.3673446087  
-0.3201103799  -0.3125859917  -0.4029214555  -0.2297693886  -0.298974742  0.02728998414  -0.08309518115  0.139869822  -0.6989488161  0.07639501267  -0.3618048864  0.09822375219  0.1656082991  0.01241506773  -0.3567944578  0.005578029754  0.4933830718  
-0.4014692768  -0.4306398935  -0.5663597196  -0.4769655569  -0.6758546037  -0.6851857826  -0.680275158  -0.5447027089  -0.981466073  -0.5960969979  -0.8846361118  -0.6307715214  -0.5590477552  -0.6176592578  -0.8742551364  -0.6175925114  -0.4302488815  
-0.2154030366  -0.2258999663  -0.3024531748  -0.2314811034  -0.3938143846  -0.3044858586  -0.2389566123  -0.2664831209  -0.7491520659  -0.2708539517  -0.4872454968  -0.1851906209  -0.148001588  -0.0989832221  -0.3281640439  -0.2564877998  0.002930462704  
-0.1125383748  -0.198015299  0.02478325282  -0.1364603537  -0.2129373806  0.06574440281  -0.1477433685  0.009746125871  -0.4250448602  -0.1976365282  -0.4037094068  -0.2520239509  -0.1756823364  -0.3218464177  -0.5186831422  -0.1245719918  -0.3797952538  
-0.206457293  -0.1098917053  -0.09619017792  -0.2180365039  -0.2317045991  -0.2295310887  -0.2876156308  -0.1492113397  -0.2404143373  -0.2280264875  -0.3996751268  -0.3708847577  -0.3050024906  -0.2798824113  -0.3704220405  -0.115853125  -0.313967831  
-0.2200991434  -0.2974380812  -0.328813086  -0.1062464336  -0.2597363786  0.07979425154  -0.2402577189  -0.08156844224  -0.493199291  -0.009692278914  -0.3762874608  0.1805996542  0.1284489624  -0.09009741515  -0.1630547957  0.05456019418  0.01002690943  
0.2170764665  -0.1473203661  -0.1179556643  -0.1706488447  0.01758396913  0.2807266311  -0.1570835662  -0.0860435682  -0.2614539633  -0.2464182584  -0.3863459569  -0.195103053  -0.2708360676  -0.2123367339  -0.267605192  -0.1949115737  -0.4694073995  
-0.1189307168  -0.1690010509  -0.1067023255  -0.140836597  -0.2596779684  -0.05005033328  -0.3245925772  -0.06160228487  -0.56910928  -0.07723667727  -0.4307793873  0.02006857869  0.05617050419  -0.1157422753  -0.2490612596  0.2494347211  -0.02774406692  
-0.3742271792  -0.3659956289  -0.5134779008  -0.3974255119  -0.3607479534  0.2208070962  -0.2874619429  -0.1718489882  -0.7294868999  0.06056324947  -0.5356637301  -0.07504641278  0.06550472666  0.169768754  -0.3577924783  0.2259616577  0.2824601471  
-0.2498864098  -0.2944897982  -0.1479930045  -0.1853151959  -0.2431212422  0.06824121584  -0.3304423742  -0.2498203373  -0.5364254262  -0.09521735375  -0.5460826712  -0.0553994297  -0.03164247633  -0.1266762097  -0.3617888021  -0.1151107995  -0.01322936615  
-0.03706295524  -0.312366135  -0.2741212133  -0.2539700507  -0.2450420603  0.1565348374  -0.1861131766  -0.1688121444  -0.5288946086  0.09462821825  -0.4791105453  0.0736108156  -0.2083993879  -0.1954494734  -0.4505729483  -0.06966739881  0.1074140185  
0.00877810709  0.05770760981  -0.01351034173  0.2474178683  0.01218548338  0.1174659995  -0.0527604867  0.0669792024  0.1223559814  0.08494075254  -0.1611501392  -0.1028951872  0.03207677004  0.09748855001  -0.07638080749  0.1312375565  0.3856218731  
-0.04124224168  -0.1448227472  -0.06257520794  -0.1047440446  -0.2484244083  0.002387738141  -0.1835362569  -0.09051895306  -0.266331209  -0.1223238748  -0.3808967431  -0.1095640239  -0.1960810032  -0.2791045597  -0.3528061023  -0.2438033658  -0.1074490652  
-0.455586661  -0.4697501125  -0.6455532087  -0.5646356607  -0.4931050788  -0.4793703949  -0.5069336945  -0.1459205515  -0.455497523  -0.2797833382  -0.5188314785  -0.2255842956  -0.01025220073  -0.1875655221  -0.3805181536  -0.200431419  0.2950732223  
-0.3159666576  -0.20142761  -0.2851301835  -0.2734103136  -0.2206044246  -0.2306498385  -0.131305969  0.2023881597  -0.3811420684  0.03810244791  -0.1555254852  -0.1532958181  0.1556382406  0.1389674755  0.1295662524  0.2409912721  0.1265008759  
0.07155816443  -0.2622292483  -0.1538176243  -0.3005995204  -0.3071620352  -0.1507750081  -0.4305274525  -0.3254018674  -0.5988958423  -0.2896659464  -0.6175571702  -0.3013495018  -0.4225377412  -0.3079230025  -0.4934387646  -0.255495873  -0.2090009125  
0.1993876577  0.003933748426  0.2396850052  0.07833161691  0.1558841162  0.3954444233  -0.05520582198  -0.01422530464  -0.3114346325  -0.007426126242  -0.4079899305  -0.1276355408  -0.1753308623  -0.2569326473  -0.3523211395  -0.1926123287  -0.3585429737  
-0.1514001251  -0.4028613266  -0.251377516  -0.1814060445  -0.29493465  -0.2982259223  -0.2758688858  -0.2842663431  -0.5204181788  -0.1727880054  -0.3487004987  -0.3056033343  -0.07702824197  -0.05689460689  -0.5192427518  0.08532738625  -0.06953763286  
-0.6128025608  -0.7059742808  -0.6644834211  -0.6481142758  -0.7333413543  -0.6428968241  -0.7558677188  -0.6338213454  -0.780093568  -0.5925842477  -0.7942317852  -0.6579107252  -0.597476118  -0.6860901894  -0.695101758  -0.6834548282  -0.612542956  
-0.21496021  -0.1908205107  0.3343501349  0.2494955154  0.06846583863  0.01301614538  -0.2638319989  0.02250637648  0.4593178854  -0.06256553008  -0.1770450128  -0.07649642169  0.04126419039  -0.1503911383  -0.07177951103  -0.2306093317  -0.002285689232  
-0.02094957658  -0.227028929  -0.2025260392  -0.06184932566  -0.2056466931  -0.03839389392  -0.2173563005  0.01615402052  -0.5597921906  0.04147410786  -0.3527422428  0.195923168  0.06781303043  0.1333904187  -0.2584922693  0.1545667778  0.5705940392  
-0.1008995623  -0.1939786862  -0.3219837362  -0.4162263995  -0.306261698  -0.255355919  -0.3663395408  -0.11869487  -0.1938776021  -0.296646161  -0.3068045413  -0.1465565627  -0.2033183548  -0.1975320162  -0.1118883351  -0.09163685034  0.1285808371  
-0.7846832857  -0.8748266771  -0.9699243431  -0.9867847864  -0.9353867508  -0.9936810672  -1.011630823  -1.028859207  -1.017051125  -0.9920726768  -1.012332108  -1.039755486  -1.037113698  -1.014992076  -1.037142347  -1.038357828  -1.048825145  
-0.4000866175  -0.07843996656  0.05304068635  0.1062198634  0.1404310213  -0.23759785  -0.09354178616  -0.1477814289  0.2046825777  -0.1507907231  -0.2075108074  -0.2187841845  -0.2240239431  -0.1610928597  -0.3454876505  -0.2672739285  -0.1426443544  
0.09616022355  -0.203501436  -0.1603160919  -0.2582515634  -0.06171560241  0.2339987725  -0.2177731452  -0.2216935329  -0.4391786356  -0.09649083127  -0.3893052278  -0.1715788295  -0.3797356207  -0.2796428174  -0.3856832214  -0.1602114768  -0.3801475916  
-0.3736090417  -0.4613351984  -0.2452724029  -0.3181614427  -0.3058102351  -0.07721064852  -0.1647467292  -0.02244938985  -0.1689159744  -0.1682056066  -0.3351980465  -0.1486014975  -0.2649523945  -0.3531696678  -0.6219313158  -0.4730975857  -0.1757799918  
-0.2586808429  -0.4278181788  -0.3916315679  -0.1344257931  -0.3875947709  -0.05814964348  -0.3043289261  -0.323333762  -0.6241519545  -0.3340250649  -0.6131663806  -0.3248637247  -0.4781865939  -0.5610884029  -0.7404923095  -0.4724843283  -0.6971159746  
-0.4165056419  -0.4006783296  -0.5587095711  -0.4949932044  -0.6669779259  -0.5675788945  -0.608868528  -0.4518800241  -0.9720356404  -0.4347577663  -0.8485964771  -0.4236460644  -0.4552839728  -0.6256284397  -0.7286222921  -0.6019187701  -0.65772894  
-0.20454118  -0.247576683  -0.2194940853  -0.113118563  -0.2976611459  -0.07146933674  -0.2781301789  -0.1829536389  -0.4378207208  0.06264233064  -0.2622054213  0.1139297631  0.02701859684  -0.2021427549  -0.3706102189  -0.2125175153  0.1814904769  
-0.2318768051  -0.2572783154  -0.3978767285  -0.3568199662  -0.4771950378  -0.4701013877  -0.4374706398  -0.08712001542  -0.5921702964  -0.192804809  -0.5389315619  -0.293821822  0.01209677969  -0.2591347669  -0.3073295054  -0.0005311687773  -0.3497275677  
-0.3659266546  -0.3752226935  -0.3543453299  -0.3335291806  -0.3590087107  -0.01521323366  -0.2691773096  -0.1976328133  -0.6339711924  -0.2312787787  -0.6514525389  -0.1036305735  -0.1089898442  -0.3779894582  -0.5365966539  -0.1371086512  -0.1906470226  
-0.3949537404  -0.5740280725  -0.6359574839  -0.6757999923  -0.6478876835  -0.2834304712  -0.6649193645  -0.7442125437  -1.193212663  -0.5052966498  -0.9068125988  -0.5910959366  -0.6549298674  -0.6542823355  -0.9769646672  -0.7009556858  -0.7003571461  
-0.02477052937  -0.2725585047  -0.2311662681  -0.04824161587  -0.3606968878  -0.3419219623  -0.3747336436  -0.1990478845  -0.7254282779  -0.2440899437  -0.5580285426  -0.1364066966  -0.1182577135  -0.3047463709  -0.4279666519  -0.2764814709  0.05501615435  
-0.1280527678  -0.1316914325  -0.1723375402  -0.08725220864  -0.03392137868  0.415036703  -0.043549071  0.07631735338  -0.1619476729  0.05992977708  -0.1395899141  0.2179279184  -0.1573316413  0.06898545461  -0.2494890723  0.1958844059  -0.04054249329  
-0.1974574852  -0.298019275  -0.1284651983  -0.06983936563  -0.3058329532  -0.3005703942  -0.2446032357  -0.1377567524  -0.5008327882  -0.2312116412  -0.400547733  -0.3932850759  -0.1214744193  -0.2791720086  -0.4527661675  -0.1523738966  -0.07534494487  
-0.02572631402  -0.2942980139  -0.1818293482  0.002717821154  -0.2493462126  -0.07690318246  -0.1475922825  -0.1949164816  -0.582277928  -0.3587331003  -0.4705134446  -0.3380547575  -0.3245732182  -0.3551798343  -0.4173537438  -0.2036992007  -0.2323795208  
-0.08689705598  -0.4117560528  -0.169615067  -0.3528325088  -0.5160268935  -0.3745875411  -0.5277301302  -0.7152503089  -0.885562125  -0.7090921182  -0.8000115397  -0.7095108705  -0.8325902604  -0.6708861725  -0.8884845793  -0.7033503124  -0.7578341973  
-0.4102584998  -0.5087415544  -0.5274085914  -0.4842608799  -0.5763147244  -0.5175290023  -0.615426986  -0.5823685926  -0.8808612341  -0.4177390811  -0.8218554211  -0.5822103384  -0.3204713374  -0.5134351311  -0.6652084734  -0.5037895885  -0.4064660612  
-0.5030304349  -0.4630762295  -0.7773638862  -0.4074708197  -0.6660290987  -0.8048166012  -0.5724831748  -0.1948645502  -0.8410263976  -0.2413315128  -0.5181366163  -0.2864630611  0.2481042785  -0.07482368065  -0.1799407729  -0.2399788534  0.2638143858  
-0.09864138716  -0.0489308527  -0.308443261  -0.2567696335  -0.2491004967  -0.09064497099  -0.2614643908  0.01360338663  -0.1270502988  -0.1020868401  -0.4613208828  -0.273385068  -0.193423712  -0.2844224406  -0.3919457873  -0.2419230419  -0.2453410877  
-0.1869504067  -0.4244956417  -0.4022319864  -0.3344087071  -0.4414999541  -0.03004556913  -0.5344963085  -0.5297004259  -0.8055871722  -0.3717461134  -0.762375079  -0.3800357155  -0.5677748955  -0.5838006079  -0.6462483398  -0.5122225788  -0.5188575276  
-0.4629989106  -0.2204771073  -0.524946162  -0.4405994357  -0.4691592519  -0.4864452651  -0.4297235468  0.07286327358  -0.5616801835  -0.03197306831  -0.368219462  -0.06081895656  -0.02071736706  -0.2326641058  -0.2980670549  -0.2690431704  0.01941299601  
-0.3470172819  -0.4130206981  -0.594544451  -0.450234403  -0.5073376783  -0.08850850875  -0.2070897859  0.1329072142  -0.7940921033  -0.03342848236  -0.2864221437  0.01365166589  0.1844847784  -0.02562815528  -0.127060437  -0.02454489918  0.3675602331  
0.1173627586  0.1483695712  0.8066485688  0.8536660961  0.2811025368  0.4665891734  0.170060565  -0.1828721727  0.2282435444  0.1295276853  -0.09691259288  0.2797114176  0.08853993447  0.3363184251  -0.1270766382  0.3702203516  0.5136732912  
-0.0007977759045  -0.2266201259  -0.2279056885  -0.2430799189  -0.2664119929  -0.0379359945  -0.3205971263  -0.2095729824  -0.6620168591  -0.2200097717  -0.5233631384  -0.3900435629  -0.2442220791  -0.3027995592  -0.3851788084  -0.366566169  -0.1229843357  
