0.3642299549  0.3651581635  -0.1036209316  0.0252007202  0.157189778  0.1373126074  -0.01856268709  0.1519772605  -0.015813471  0.06568693016  0.1322473924  0.04382963243  -0.1592918813  0.05804114837  0.1885516672  0.2117788315  -0.09778371549  
0.2970311757  0.2211963625  0.2410523674  0.1384936294  0.1667029572  0.09150547589  -0.01703400873  -0.1892183874  -0.1321961402  -0.101025635  -0.0203263846  -0.2120489129  -0.2655422469  -0.1303126816  -0.02309987417  -0.07630803799  -0.3013716556  
0.9787286024  0.3471495257  -0.08968674406  -0.06335845953  -0.003234576953  0.1462755904  -0.126098219  -0.1150521675  -0.3195531383  0.1721333053  -0.167020377  0.1654467268  0.02619891833  -0.07839938281  0.007440482309  0.0706245558  0.1157141473  
0.1820721503  0.2042530121  -0.152453925  0.01839372466  -0.003329514474  0.008923996044  -0.1711662767  0.1112061189  -0.3153312389  0.1885314641  -0.1416543779  -0.07288400161  -0.04855301077  -0.2032036572  -0.2077619294  -0.1029272098  0.0006046393573  
0.2921157475  0.30628128  -0.09658346121  -0.1121536223  -0.02952372917  0.08590287216  -0.2242230644  -0.08428506307  -0.3989656388  0.327206905  -0.1973217504  0.2392607797  0.02922147018  -0.0237165386  -0.04619450034  0.1319967013  0.245352797  
0.3115471906  0.04783810446  -0.2716967905  -0.2531108178  -0.2180662595  -0.1297229022  -0.2481366163  -0.1557876995  -0.4129680214  -0.02176362225  -0.2962288299  -0.001602393591  -0.06830714618  -0.08641876003  -0.2468096014  -0.03257093038  -0.008429457098  
0.4883904892  0.2612089546  -0.0239392692  0.08615322302  -0.01688452733  0.1081743396  0.0852068737  0.444377257  -0.3699739797  0.28242207  -0.1629532806  0.1673569175  0.1472702247  -0.1175384373  0.09548084228  -0.1336188576  0.08746890294  
0.5096785911  0.3790085811  0.00551446146  0.05610401934  0.1161832813  0.09472806978  -0.03908153677  0.1421223235  -0.3353702959  0.310808191  0.1784220629  0.16987379  0.1282955533  0.06438632552  0.07180744168  0.374695434  0.1290801383  
0.2398579113  0.07034405641  -0.2090284781  -0.2907885234  -0.1030977866  0.05584779513  -0.2090005385  -0.2900650444  -0.2495340761  -0.07274822459  -0.1094274114  -0.1042361764  -0.2238689666  -0.1265344808  -0.07388110403  -0.005557470247  -0.179462328  
0.5965631188  0.4134824039  0.07260349554  -0.008640240192  0.1747616191  0.001125249422  -0.09145321005  -0.1777871465  0.0116327634  -0.05832351422  0.008589253316  -0.1330687086  -0.2452781369  -0.08661979157  0.2053128756  0.07801215367  -0.2463139562  
0.2624312682  -0.07631445229  -0.2637771822  -0.2768920198  -0.1965650638  0.2668207177  -0.193404428  -0.1250633684  -0.3815522126  0.04632418042  -0.4016833702  0.06725020962  -0.02819420115  -0.1565069236  -0.09705017071  0.06767323698  -0.01984022278  
0.5784035449  0.5029198712  0.4035160903  0.3836953515  0.3757778154  0.2662977977  0.1803997856  0.08862361806  0.2336033067  0.1387039999  0.2221435376  0.2380453703  0.0445562924  0.04361104603  0.1739908084  0.1804430455  0.07459342383  
0.5682813305  0.1989208554  -0.06257927845  0.1564439068  -0.04042208348  0.02765718892  -0.09906195414  0.04958711501  -0.345421678  0.2121786004  -0.1712077057  -0.06791442801  -0.03941450756  -0.09856759104  -0.1096564661  -0.1075234859  0.06176201151  
0.4102989205  0.5966355397  -0.02977030334  -0.04222745565  0.105141445  0.530585537  0.02714693549  0.01804351902  -0.2490825299  0.2911760126  -0.01180734206  0.227980303  0.09915191247  0.209148773  0.1803389225  0.2840100943  0.3642012276  
0.3594725632  0.1556435669  0.0474633497  -0.1103406125  -0.05989028454  -0.06164314795  -0.2151820121  -0.3593824684  -0.3756471127  -0.1644392163  -0.2305186833  -0.2328057105  -0.3211602794  -0.3027515178  -0.1816885897  -0.2049098827  -0.3156474352  
0.6069940266  0.3744411173  -0.1214215828  -0.07463932162  -0.07158484641  -0.01959609937  -0.1781893272  -0.1023442564  -0.3536649169  0.02222182005  -0.04122374523  0.04426192723  -0.05308691981  -0.06167953903  -0.008009320189  0.1041558379  0.03987837812  
0.4387770621  0.259928646  0.05577926572  0.04155135453  0.1318672775  -0.02296646311  -0.1214107512  -0.1354601178  -0.04495293979  -0.07163492603  -0.02143902617  -0.1932033945  -0.2028612111  -0.09548833096  0.009134285911  -0.0519699248  -0.2626602083  
0.5700457637  0.4493653066  0.05813258225  -0.03167056201  0.2003903695  0.4576691396  0.01622395934  0.03036460052  -0.2732779908  0.21251059  0.02140425114  0.2625087526  0.1027749976  0.1771311249  0.003689126375  0.2399000384  0.1657884368  
0.5020557769  0.4670377252  0.2333771929  0.1571428246  0.6895902004  0.9539381016  0.565108093  0.3505926924  0.4002724552  0.5802549512  0.6691116221  0.6495548645  0.5632311936  0.8380446634  0.7013469643  1.034400498  0.7786250562  
0.2925549855  0.1297963458  -0.1376098861  -0.1495884527  -0.1409409913  0.2086572679  -0.2047066902  -0.2187569496  -0.4949511303  -0.06728468547  -0.3057275922  -0.1593768997  -0.253141708  -0.2444837126  -0.1915765851  -0.1479581476  0.03687107136  
0.3160101117  0.3885549071  -0.06599662932  -0.01809170998  0.1300451203  0.1729942955  -0.008122393413  -0.04565180578  -0.1108646009  0.05570695326  0.004511829384  -0.02848553948  -0.1334330296  -0.03722377574  0.2382666758  0.06335317835  -0.1096082458  
0.2216200632  0.2855349005  0.1882005668  0.1650142389  0.1728312779  0.007982228576  -0.04618568866  -0.09778382778  -0.04577748411  -0.005325346241  0.06779911718  0.2458114408  -0.04121930057  0.08922928627  0.1240327431  -0.09307624918  0.1059202172  
0.6307837546  0.4984800428  0.0854972283  0.2556233906  0.2178799072  0.8383658448  0.2699424846  0.2020533593  -0.1309701472  0.5389729698  0.1519243586  0.8400397056  0.4167937878  0.5827377658  0.3280064613  0.2283500433  0.834481806  
0.4062521383  0.1647766771  0.1495952493  0.1606270404  0.1214802421  0.04565167111  0.0240874628  0.4435831549  -0.1584429415  0.3211690886  0.2087464194  0.1518898128  0.6326913293  0.522644123  0.5582508768  0.4017321043  -0.2736368218  
-0.07610593753  -0.03563636047  -0.3084190832  -0.2036938204  -0.2094411867  -0.1983879263  -0.2914762163  -0.1923487463  -0.4189123492  -0.08286498478  -0.218891928  -0.1716526718  0.02937435048  -0.1161526951  0.01982527737  -0.08410577876  0.5281217394  
0.2700847236  0.415241754  0.1406305803  0.1686274624  0.1546167144  -0.1085336267  -0.0578589906  0.05237745999  0.1425871472  0.07054376214  0.04048469665  -0.08204094622  0.09432162322  0.005252599461  0.1179933191  0.1005544394  -0.2076691713  
0.1985889086  0.03837668309  -0.2148690481  -0.1720396733  -0.1294341943  -0.08405314987  -0.2490675282  -0.224348532  -0.308501629  -0.051164562  -0.1652164344  -0.2143692523  -0.2596172966  -0.2527475748  0.01502920799  -0.08261253066  -0.1909475034  
0.7341110927  0.6825366874  0.1688474921  0.1111866259  0.2938004774  0.2228038385  -0.0233942986  0.1358215068  -0.1529608944  0.137237524  0.09485853851  0.153848904  -0.01383581963  -0.0119423785  0.1205789404  0.04564659327  -0.1531694477  
0.243509362  0.3607338647  0.07098065781  -0.01244524186  0.2665366184  0.4104761868  0.06536260442  0.09865291196  0.03347726797  0.1725624104  0.1711863319  0.08070216784  0.04247602108  0.3940812312  0.1688446753  0.2813179712  0.0105843201  
0.3111877486  0.2372118626  -0.2066770936  -0.1370046325  -0.1367583936  -0.1405833743  -0.264821953  -0.1579672486  -0.3797237791  -0.08737610899  -0.3105565254  -0.2182690725  -0.2971723083  -0.2936920994  -0.1476733136  -0.09232630235  -0.26116532  
0.6339615468  0.4790375368  -0.005301028432  0.03811224677  0.03140260416  0.04236287624  -0.09736998557  0.01433679298  -0.3490777054  0.206214353  -0.1516391215  0.1033238656  0.03825993351  -0.04300561846  -0.005753678473  0.08415682367  0.01458561918  
0.132253608  0.0003897650157  -0.2333324407  -0.1847318769  -0.2184488861  0.06696127548  -0.1786510286  -0.244951869  -0.4421680649  0.03180595721  -0.2100435861  -0.1815741055  0.006737969674  0.08446026165  -0.1889232742  -0.01943683973  0.1240866419  
0.7061976152  0.431032549  0.2611120473  0.1997689646  0.3088360935  0.1110669575  0.1219890788  0.001548258824  -0.1760103553  -0.06401822921  -0.06042398756  -0.1205230931  -0.2513670259  -0.1612455622  -0.2092067548  -0.1644361155  -0.3411480219  
0.6413737297  0.4616118067  0.03474080155  0.1034951519  0.1870350672  0.2925538717  0.1164007174  0.2214378557  0.1574548714  0.3494350241  0.3067562148  0.3168722865  0.3364034752  0.2138339295  0.4355649532  0.430827053  0.4244257093  
0.2742483773  0.3950802145  0.3718544207  0.237510457  0.3294965165  0.3782141422  0.2272000577  0.02056701707  0.1389407082  0.1667264352  0.2557299151  0.01439880998  -0.02741335886  0.1391694519  0.4044733211  0.1759828721  -0.07712323058  
0.4576902105  0.3903903151  0.009028455428  0.07656863211  0.0839505147  0.115155199  0.1281140172  0.31202625  -0.3779182875  0.4135700759  -0.1005058889  0.1726427575  0.2196552429  0.00461595899  -0.03360889909  -0.07181003537  0.2566908734  
0.3388158565  0.2394896857  0.1471334843  -0.006654674379  -0.02853862088  -0.1812159336  -0.2752833496  -0.2688481692  -0.3052089382  -0.1379134207  -0.0914739155  -0.2069829953  -0.2410339193  -0.164339161  -0.05559517667  0.0353652088  -0.1970174211  
0.4833276262  0.3988427015  0.03483800464  0.05892361633  0.07800838951  0.2402749242  -0.05874913345  0.1959580177  -0.1697887142  0.5193743508  0.1180192545  0.4551086201  0.5860156296  0.3609857131  0.3746902737  0.7106344525  0.6486729232  
0.1541291712  0.1657487747  -0.2262024584  -0.1222752111  -0.20979348  0.1592157689  0.007763738083  0.1047094065  -0.4601815785  0.5667961791  -0.02020424109  0.3952937238  0.6639351349  0.3307190663  -0.01108787895  0.0391460152  0.6422004685  
0.4246898898  0.08957782919  -0.2344468495  -0.1854856494  -0.1282370181  -0.08932777071  -0.150844161  -0.02059639983  -0.6554218651  -0.002875555565  -0.2991247198  -0.1271097609  -0.07630977246  -0.1455788238  -0.09167249541  -0.3024141314  0.1275506232  
0.4591721302  0.1560708368  -0.1398048132  -0.01554179137  0.03247601935  0.1370285854  -0.02755695167  0.1443446008  -0.2540020763  0.2136276905  0.01153947599  0.15806803  0.1064464497  -0.03210639303  0.2002763043  -0.004224198639  -0.1339242673  
0.3019372848  0.3241524309  0.001747344719  -0.03327398915  0.1405980641  0.004907811492  -0.1085732164  -0.1484686812  -0.01825159842  -0.06241832259  -0.01603305229  -0.1683455355  -0.2420583917  -0.1279750752  0.1054026417  -0.04786311681  -0.239975859  
0.7663349453  0.4202068268  0.1430799191  0.3241952663  0.1342987959  0.3695312312  0.05046458093  0.1096665863  -0.4075558175  0.3112948985  -0.2018976402  0.3481326569  0.3978134467  -0.02327287256  0.1070838304  0.196506678  0.4703944956  
0.7079870548  0.2637520317  -0.0759190862  0.03326058326  -0.0112908458  0.4917209047  -0.1985388815  0.06025575869  -0.340886765  0.2570107373  -0.1134284767  0.361011057  0.1363401506  0.1821074718  -0.01555843929  0.3383857488  0.4007924021  
0.6741013703  0.2704191636  -0.04188669646  0.4053073371  0.2619769911  0.3068809734  0.2546281573  0.1085659507  -0.3493199859  0.4400344058  -0.008922920785  0.2956183096  0.2689959024  0.1363105952  -0.09240925177  0.1179993002  0.2711135527  
0.516642047  0.4047030447  -0.07946702371  -0.04945884901  0.1391137743  0.08727325172  -0.06533822071  0.1694732389  -0.06411168314  0.382995595  0.4861513674  0.1936569609  0.04064326243  -0.08528135863  0.3157754174  0.0619067975  0.04924719727  
0.3413540829  0.2205957197  0.1505721175  0.02635514756  0.1802194896  0.2086399202  0.07614597798  -0.002910747676  -0.1743342012  0.11908794  0.134436311  0.1565353717  0.1640539617  0.02330826019  -0.006462938804  0.2631325964  0.09145946432  
0.4949718425  0.3526522287  -0.09264025522  -0.1407894439  0.01109950028  0.2577191906  -0.08153784504  -0.07384452787  -0.3045579398  0.154083166  -0.09818198805  0.1329908323  0.030195951  -0.06988882005  -0.1649895092  0.1143659877  0.07121798359  
0.2960998688  0.3752617063  0.3526830182  0.252271554  0.201230429  -0.03863953931  0.06881517268  -0.05700369917  0.2218572685  0.08620555685  0.1247445337  -0.04349841822  -0.08894338392  0.1752327837  0.08609517209  0.1303510888  0.2159904737  
0.3921315145  0.3835749331  -0.1133896155  -0.01291989186  -0.03224906052  0.01692237006  -0.1205570409  -0.04268660546  -0.2906401157  0.1297201749  -0.03595875069  -0.01992448491  -0.1072537786  -0.05097054134  -0.09675526003  0.1181269979  0.07021907645  
0.2377857624  0.1881374627  -0.05773864969  -0.0579606628  0.1191339681  0.08045335354  0.03584455066  -0.0638996682  -0.00443127745  0.1473302601  -0.05392863289  0.01997380368  -0.004234877253  -0.06444812196  0.01190581041  -0.007404871173  -0.1304460621  
0.3487045145  0.4037795591  -0.02956593549  0.04590668097  0.1244378071  0.3144675292  0.09302394712  0.09329221216  -0.2220551359  0.3538288266  -0.02255255511  0.2328406563  0.290701733  0.1372944506  0.07456997085  0.1888868643  0.07264652076  
0.5143080768  0.2624955235  -0.01148859117  0.07582147309  0.1252004261  0.2973089563  0.00121075861  0.04719059837  -0.1244190172  0.1723510772  -0.1357070661  0.3087598286  0.2108222807  0.191522411  0.2266285932  0.4374969656  0.4067453943  
0.5265957763  0.3204375625  -0.0154176992  -0.06346059666  0.01130637335  0.2054598981  -0.001825532516  0.0736321842  -0.2469129515  0.4486701352  -0.07953215392  0.1919537626  0.3264013484  0.2782749212  0.02780040933  0.3432551626  0.6210524174  
0.5129834531  0.462286626  0.2522278364  0.1950277325  0.4205114984  0.2634318837  0.1940226711  0.138195732  0.226043391  0.2121803106  0.314511446  0.1841661486  0.07191735972  0.02476384419  0.2546700816  0.1616972692  -0.05306763184  
0.3913020937  0.2337461613  -0.1835816617  -0.05666850607  -0.1414465314  -0.06854632335  -0.230793364  -0.1351040638  -0.5122446682  0.07801215398  -0.2778345505  0.08630309995  0.02678617805  -0.008156978693  -0.1579120921  0.1352402323  -0.1023807408  
0.2494189406  0.2547851107  -0.02758955262  -0.05481628759  0.06754204041  -0.09967217973  -0.1692346164  -0.2044913782  -0.1429505985  -0.02116970973  -0.1263908872  -0.2590452981  -0.2536291251  -0.1664231073  -0.08311368698  -0.07122334916  -0.1206360149  
0.340601586  0.2805818462  0.03024493336  -0.1136325578  0.02533270152  0.4786007972  0.02979215502  -0.01430452628  -0.2676900037  0.2932195397  -0.1148915302  1.03031448  0.6565735173  0.44905273  0.08755414939  0.1600863646  0.4994794472  
0.2362068089  0.1777919237  -0.2968451348  -0.03723547778  -0.1585608068  -0.5421685647  -0.2048123392  -0.183579454  -0.3297208548  -0.2884870289  -0.2008477542  -0.566484695  -0.3161392258  -0.3504814698  -0.1613153367  -0.06361412295  -0.3457525544  
0.7533998478  0.5001456093  0.266577482  0.2740072638  0.354417387  0.9025968629  0.311611726  0.1941452071  -0.1420289922  0.5282578459  -0.07412594325  0.4600986886  0.3933576218  0.3310719267  0.4061934542  0.4148101546  0.4873176949  
0.02029336899  0.1452711059  -0.05454935692  -0.1326935087  0.01077709945  -0.1516792119  -0.1367722229  -0.1531084012  -0.09675047192  -0.09085344754  -0.06813567996  -0.219947103  -0.240341201  -0.08203482962  -0.01194317898  -0.05647305772  -0.179030855  
0.7074021956  0.8786419585  0.7644930432  0.7754671636  0.9127780781  0.6763321866  0.7347957745  0.5771152051  1.043200303  0.6013653609  0.8672887734  0.6308990441  0.5504010584  0.6423090729  1.026503054  0.8257026438  0.465902236  
0.129479206  0.1566322942  -0.1414418477  -0.09790601896  -0.03033432909  0.07616722326  -0.2414888615  -0.3194745006  -0.2728390225  -0.1273016788  -0.2627775049  -0.2119222153  -0.2405846675  -0.1050533425  0.2985474353  0.02386585181  -0.1849026614  
0.27521966  0.2649948144  -0.161226217  -0.1744164366  -0.102656121  0.10606192  -0.1656872887  -0.06689417166  -0.2574781907  0.1848494867  -0.1559478856  -0.02415878157  0.04205468803  -0.02289886626  0.08928878815  0.104330634  0.5861860807  
0.2557279097  0.1860985622  -0.125307637  -0.2268664827  -0.1422001613  0.4495185619  -0.09967203149  0.07635047635  -0.4286261209  0.2472873505  -0.2007915856  0.3058844779  0.1832317385  -0.0445225552  -0.1282861213  -0.07575408882  -0.1515383994  
-0.02623360057  -0.174511889  -0.4323427984  -0.425863764  -0.4086542864  -0.06077653579  -0.3856717178  -0.3680173035  -0.6031239711  -0.1323104326  -0.5083081237  -0.05720177758  -0.1724367314  -0.2171667598  -0.3511340472  -0.1185552792  0.08533540946  
0.1556493988  0.2179724136  0.4401569042  0.5791940152  0.4004246917  0.2117677967  0.4952148546  0.2471187864  0.4866357755  0.4240166762  0.4818745508  0.2470954767  0.3055287819  0.456354193  0.6125879233  0.5271770268  0.0550814874  
0.3350602551  0.1314123899  -0.1770135835  -0.1134334166  -0.1470909697  -0.02356535347  -0.3395890208  -0.2388870373  -0.4467815574  -0.09567315446  -0.365779364  -0.1247148542  -0.265762193  -0.2797626573  -0.102599342  -0.08892415338  -0.1451757444  
0.4121143981  0.1614558485  -0.1396868012  -0.1790273624  -0.1647151091  0.2162058864  -0.152059819  -0.2074905644  -0.4998907129  0.06174430514  -0.3049505622  -0.05710538031  -0.06970992257  0.02873397466  -0.1515324981  0.01788933471  -0.0003413188111  
0.3790694669  0.2935632832  0.3410983502  0.294281994  0.1494272696  -0.01459225754  -0.05685521425  -0.1957957304  -0.08603267306  -0.05619969452  -0.01807509887  -0.1423257526  -0.3193484647  -0.2362504656  -0.04296745438  -0.05811846004  -0.3792243237  
0.2136292862  0.2640547645  -0.0439888911  -0.03288414482  0.1012200597  0.3683529209  0.1198199127  0.1579217522  -0.001745544472  0.4243586422  0.2747543418  0.514395825  0.8467566293  0.7616403863  0.9374255178  0.4276858081  1.22013886  
0.1718229311  0.2181504971  0.01190448317  -0.1026024369  0.03496984755  0.1472698639  -0.01682274962  -0.09878494109  -0.1046928391  0.2790551976  0.1430894405  0.1112772196  0.1508359243  0.06476115496  0.2349837149  0.1096973403  0.04201833087  
0.2630194743  0.2865957575  -0.2700917722  -0.2034344285  -0.06374086564  -0.02685463655  -0.1417093767  -0.01722269347  -0.3317591112  0.1274575657  -0.1976215574  0.02026631945  0.06248702613  0.06697469129  -0.02667693744  -0.01018060523  0.2176174211  
0.4772083516  0.3321318988  0.04352169025  0.0437020759  0.2233703096  0.398195224  0.3174762777  0.06075946803  -0.003891861401  0.5686255031  0.407815169  0.7824221343  0.6065746862  0.9478665606  0.6826308032  0.5792940804  1.31154375  
0.1831423505  0.2048412995  -0.1040063271  -0.1978748177  -0.07008742267  -0.1084208793  -0.1675528872  -0.1822663146  -0.3453059012  0.1020331967  -0.1552597449  0.007376077241  0.0182076515  -0.03898359679  0.01211682866  -0.04383860431  0.1588936791  
0.2386484554  0.2593808847  -0.2009544437  -0.1617794103  -0.1020095056  -0.08927312068  -0.260348471  -0.1410065311  -0.3196228352  -0.03710574206  -0.2229620021  -0.1634687866  -0.07622008951  -0.06820737384  -0.189684209  0.01626401028  -0.1376977647  
0.1491654004  -0.1062303739  -0.2913948836  -0.07061496662  -0.2188943196  0.06084777616  -0.2569153298  -0.06603241321  -0.5295589297  0.3206920704  -0.4241921176  0.1322831218  0.3405939898  -0.07241739212  -0.08172835711  0.01990082163  -0.05791328586  
0.1286690926  0.2986740972  -0.05604735386  -0.06214207389  0.07516207977  -0.03633969928  -0.1733528284  -0.1350448206  -0.05827351909  0.0342171293  0.05017690135  -0.1126486184  -0.1360792444  -0.1211829223  0.02703691781  -0.02471607931  -0.04741452797  
0.746071732  0.3898644799  0.1396046715  0.5394830088  0.2295684412  0.2539628027  0.1453836081  0.194838323  -0.2579416354  0.3725535195  -0.1375575931  0.3984338102  0.07269826124  0.06592321754  -0.1082409965  0.2947850078  0.1293605853  
0.4028951769  0.2966359661  0.05331226864  0.2347783268  0.2032842874  -0.05631334439  -0.06754430559  -0.09667916428  -0.05711500352  0.03974899783  -0.01218540054  -0.1112539253  -0.2329064197  -0.0504744972  0.02484446249  -0.004764168535  -0.1931193604  
0.3596267879  0.08054311119  -0.07616632087  -0.1353801543  -0.107323519  0.2528587818  -0.09944705257  -0.07206123393  -0.50068067  0.3717264029  -0.1833702107  0.2102722732  0.4320518737  0.2476998969  0.1104470212  0.00835754355  0.5299805981  
0.3800021008  0.2798112067  -0.005713377614  -0.04515012711  0.006192781364  0.0006650411792  -0.1170870835  -0.1493036376  -0.196003372  -0.03564327992  -0.08765555927  -0.03671185255  -0.04862695536  -0.148355794  -0.0852329583  0.005971063645  0.06837171433  
0.4078795015  0.2114053747  -0.01838425288  -0.08497547029  0.0003266300469  0.1870976353  -0.005052760101  0.04014166917  -0.240084573  0.07950870654  -0.1876184183  0.08704401458  -0.02648870268  -0.02356820842  0.0853235073  0.06842765255  0.1152340241  
0.8062089769  0.3118594867  0.06198932786  0.08242356229  0.02364556112  0.1290085122  -0.1314799901  -0.01951342374  -0.2472285805  0.3914782524  -0.0007545873814  0.03782146557  0.1751526227  0.1461020802  0.02340864537  0.3224785311  0.5075099011  
0.3654362947  0.150210385  0.02831605522  0.04056025291  0.1255182795  0.1240819478  -0.07270966994  -0.1304167389  -0.1003708447  0.01076642888  0.06033964909  -0.04556842198  -0.1944346525  -0.09662881966  0.007274070065  0.04089529013  -0.2569979683  
0.367695385  0.3162667199  0.2584341985  0.1583547507  0.07248241393  0.1101888241  -0.04156586938  -0.2332870392  -0.242493432  -0.0002766741072  -0.05674863587  0.01118302694  -0.1783989089  -0.03625136372  -0.08701138187  -0.1252921793  -0.1308119407  
0.4724938368  0.263708424  0.3201435967  0.158526088  0.2618438958  -0.02037723905  -0.01357097124  -0.1630518603  -0.007371856285  -0.02857646463  0.04830593762  -0.139455395  -0.1286001943  0.05977372346  0.0529934468  0.01678539069  -0.1563971943  
0.3077197758  0.343893602  0.0360976341  0.06543849695  0.2401710485  0.2569289633  0.07267822681  0.07288660979  0.2843999696  0.3151673731  0.1322039211  0.1410411206  0.1532064235  0.1289656351  0.4187959633  0.3284296829  0.2027214751  
0.3742917608  0.1046403022  -0.2083696252  -0.1709086677  -0.08086737588  0.0945794729  -0.2607425871  -0.08508414662  -0.4089447593  0.0960381968  -0.229731984  -0.1115253181  -0.1765942259  -0.1040125918  -0.07301685813  -0.0922725564  -0.1910386586  
0.2370934606  0.342037626  -0.06213100836  0.1461484389  0.2049586379  0.04899076403  0.2168569548  0.1836926954  0.1739172352  0.3292964586  0.2672133976  0.294070959  0.2725746931  0.2533164964  0.2009001007  0.1524577745  0.06586830435  
1.116173037  1.08336445  1.450035203  1.398272885  1.119849162  0.6845346905  0.8739449918  0.3688853801  0.6952125603  0.4884526774  0.8268148518  0.3763098179  0.0803570445  0.3529490871  0.4916290487  0.3209391549  0.3327850117  
0.3476252693  0.2627202658  -0.1644040391  -0.05830452299  -0.08208410462  0.1091340328  -0.2487870166  -0.06856210572  -0.4646604777  0.1429522139  -0.2748306866  0.04332543203  0.005098649944  -0.03657300799  -0.1094616312  0.2038773825  0.1643906025  
0.3235074694  0.09883012061  -0.1256227708  -0.1684051577  -0.08328512265  -0.003004475335  -0.195832944  -0.2540780857  -0.2824644723  0.02278885992  -0.0985187697  0.01848710778  -0.1051566213  0.02145642759  0.3150111189  0.0686986817  -0.02007110704  
0.5403962233  0.4152055584  0.3571402553  0.2277475115  0.3558688418  0.1614779362  0.1022602637  -0.01311646459  0.005937937968  0.03964214919  0.1217408943  0.09378258736  -0.1572194521  0.08283566765  0.06601656475  -0.001729423564  -0.1461618061  
-0.2951452792  -0.4909378808  -0.6643488162  -0.6850059472  -0.5590969709  -0.7200365244  -0.7509932188  -0.7926511953  -0.7416997985  -0.7680844543  -0.7474628943  -0.8029020877  -0.8026616828  -0.7855409192  -0.6102752512  -0.8036245624  -0.8117256165  
0.2410750986  0.1666421372  -0.1140177364  -0.1204135696  -0.07794159696  0.02233514066  -0.09428584399  -0.0712284278  -0.4285163321  0.2244763619  -0.1780478736  0.1010259155  0.3142672961  0.3822195603  -0.05442980059  0.1417084825  0.4962914449  
0.2722772899  0.2017546887  -0.09368539083  -0.04391659272  -0.11729444  0.07098381611  -0.08102023804  -0.09649121898  -0.3873693405  0.1610133198  -0.1186720708  0.2415108405  0.3816902383  0.3355703377  -0.01630093721  0.1683881424  0.8782484188  
0.2710563828  -0.06837852485  -0.0888746392  -0.2005844322  -0.0530968284  0.6779747585  -0.00087794893  0.007367232961  -0.5353507366  0.4102770289  -0.1781348742  0.5971802279  0.629126871  0.3774299073  -0.1009457108  0.3915274447  1.080507895  
0.906742781  0.3398739675  -0.06335964332  -0.007392944064  0.08221441276  0.6832232508  0.05087376014  0.1603956444  -0.3944037508  0.3112917199  -0.1793883535  0.4667924046  0.3676622994  0.1086361191  0.1588698159  0.2242277102  0.6289256713  
0.4804480761  0.2597203791  0.1130394213  0.1203629069  0.3676746673  0.552491844  0.2528177788  0.198366546  0.3492405036  0.3178529861  0.4546952213  0.3330208158  0.3645989811  0.4544728887  0.67096075  0.5621911192  0.5119371991  
0.4381593138  0.2135582896  -0.07530015729  -0.1176142958  0.161891248  0.2786323514  -0.1184823368  -0.2105627064  -0.1067661956  0.04515433271  -0.02451320079  -0.0641929657  -0.2426245294  0.01681619721  0.1709771651  0.1162878095  -0.1885508651  
0.02564093474  -0.1518454507  -0.3857474253  -0.4588720367  -0.3720981606  -0.20138229  -0.4626079667  -0.4664632944  -0.6407830481  -0.3246888572  -0.5496194432  -0.3788447996  -0.429285681  -0.471373373  -0.440901297  -0.4358087763  -0.4587632921  
0.5359386183  0.4495305518  0.1317972639  0.08710518317  0.2359099779  0.06757539438  -0.009355620967  0.02191117509  -0.003378322119  0.2857990208  0.2226077631  0.08329565285  0.1238590462  0.1117007781  0.1629908565  0.1626014171  0.03520326287  
0.1527309403  0.375173152  -0.0637683109  -0.03045595648  0.02475578921  0.08779934173  -0.05442305399  0.0777072685  -0.009138811792  0.3107451827  0.1075314026  0.1744854741  0.5699796885  0.3001959439  0.4440216448  0.1662801579  0.9231446945  
0.2997155691  0.1978473138  -0.09692532228  -0.123024108  0.07136583364  0.08260255861  -0.06455502804  -0.06048337481  -0.2668880249  0.1827814992  -0.072751414  0.08454752538  -0.003984045307  -0.05514012132  -0.09959077486  0.1177332441  -0.2044950732  
0.459767281  0.4546216098  0.2555813551  0.2634991637  0.2206435652  0.05971170879  0.05836711704  -0.1233592021  -0.1667966519  -0.01157819312  -0.1321314562  -0.01816347957  -0.2854865595  -0.1935519755  -0.018211262  -0.04237592359  -0.4174177346  
-0.07807743832  -0.1636817814  -0.338755535  -0.2563667011  -0.3075985323  -0.1231249065  -0.316216331  -0.2674775039  -0.5283684229  -0.007256810173  -0.3517028263  -0.2048233537  -0.09041144222  -0.1634061944  -0.2216011769  -0.1724448849  0.07238128276  
0.6171039805  0.4325285827  0.03131545737  0.2058459914  0.1226984751  0.2733793188  -0.001467494124  0.251616663  -0.2982639755  0.5818789772  0.02592029274  0.377607434  0.4218115583  0.2309881348  0.2188757289  0.2995553765  0.486268453  
0.2579111175  0.3083290053  0.05948614759  0.05589241685  0.2044547508  0.1105510931  0.1731543248  0.3003966807  0.2333455573  0.3841839055  0.3316547035  0.5232689443  0.7333854899  0.5906025687  0.5864272356  0.3233046568  0.4420716438  
0.1463220295  0.1673866396  -0.1800372693  -0.2283848719  -0.01344666108  0.2092614289  -0.04582842856  -0.08081521654  0.001011791484  0.1608935336  0.104467827  0.2268092577  0.1357756068  0.1823608538  0.249288279  0.2623590086  0.6370560908  
0.08141387167  0.3055289318  -0.2321825467  -0.04970022934  -0.1414383304  -0.2113806671  -0.1506616016  0.06549167427  -0.3556417345  0.006411445545  -0.2998964288  0.0783538135  0.04915883958  0.03792451013  0.06252947074  0.04025613602  0.3325164514  
0.1161148479  0.09072155098  -0.291648616  -0.2135407166  -0.197574985  -0.08927914477  -0.2764508218  -0.1864017485  -0.491648087  0.07593656777  -0.2766370223  -0.1170627086  -0.1158434878  -0.1438769626  -0.2869368089  -0.1778142143  0.1343574339  
0.2573285882  0.2536671598  0.1333538557  0.1212147388  0.1636781449  0.205206641  0.01123638362  -0.00477713665  -0.1166546925  0.3022699985  0.09634659995  0.1553391166  0.3534186717  0.2329152082  0.3248907431  0.1866120432  0.1357487342  
0.2971005484  0.349586215  0.1816424383  0.1114604861  0.1990723489  0.2567617525  0.04083686369  -0.1622135739  -0.1331928228  0.05252110604  0.08963082579  0.09935863476  -0.1530547423  0.1075599758  0.07106872504  0.1593354927  -0.03449466729  
0.4248593704  0.3855271611  0.1870539881  0.1428407962  0.1626215655  0.00060240037  -0.09489172299  -0.1800064292  -0.1918726179  -0.02036948706  -0.1699270358  -0.1310898129  -0.1285438046  -0.1387019073  -0.04521829641  -0.1491006542  -0.04150478678  
0.08193034084  0.08326484986  -0.267124148  -0.3183686637  -0.1353383912  -0.2564449927  -0.4154353057  -0.2321924194  -0.3441069667  -0.1091477918  -0.2122845683  -0.1968987962  0.0124141431  0.02452296704  -0.03251863241  -0.04740889655  0.1471792177  
