-0.2636778496  -0.332481601  -0.7264170653  -0.59224089  -0.5992536445  -0.314008903  -0.5190956018  -0.3934802723  -0.7894928393  -0.3120958916  -0.5761792381  -0.1578082832  -0.382983918  -0.1164184004  -0.3880954503  -0.2328004306  -0.1613818841  
0.00575729317  -0.1033096224  -0.4965893303  -0.2996057236  -0.4328733156  -0.03016990974  -0.3797579517  0.1169878978  -0.5834635518  0.3498306721  -0.2715932222  0.3111828419  0.4805513683  0.2856491098  0.2040032304  0.2762636927  0.6941234512  
0.1515450216  -0.1775451095  -0.2795812395  -0.2006099775  -0.1962497245  0.1373475341  -0.07498687425  0.006241892543  -0.5107126555  0.1263855694  -0.05306282786  0.3270107814  0.3357774007  0.2066196735  -0.01042811981  0.09420067457  0.437858065  
-0.009652882777  0.06187366644  0.1015929316  0.08151984915  -0.04352953233  0.06757490883  -0.01677498321  0.1406611617  0.0976421431  0.1452258206  0.06203637449  0.1905492344  0.118469366  -0.05624556996  -0.08221598749  -0.0380115196  0.04414241219  
-0.1558093213  -0.3785486786  -0.5392707663  -0.5349613766  -0.4480188411  -0.2315843067  -0.4363274255  -0.1991039993  -0.7706709919  -0.07109674002  -0.3784528913  -0.03352350849  0.228392129  0.0007876876181  -0.004315388084  0.01311876454  0.1650822248  
-0.214067204  -0.2258566005  -0.5260997327  -0.3956056139  -0.309893293  0.03525580636  -0.02765731825  0.03125442487  -0.7294453155  0.05045091693  -0.02580717513  0.2488720618  0.2097079338  0.1180747288  -0.2500603309  0.04432469087  0.4475454367  
-0.3886549709  -0.2953231309  -0.7888041122  -0.5551178447  -0.4420785496  -0.04129039854  -0.2393819978  -0.1532546491  -0.7702082089  0.1683626262  -0.2983230609  -0.005670678454  -0.04576162326  -0.1085811718  -0.007305300879  -0.2239818447  -0.08746524109  
0.1082871737  0.1662849  -0.2096047993  -0.1245413632  -0.07569202566  -0.2485402033  0.09372914888  0.1299059864  -0.03697707506  0.1218887219  0.01891781927  0.1512999826  0.1132940408  0.1829252098  0.03316521644  -0.06455228806  0.311117735  
0.6478156446  0.3721187972  -0.1972940795  0.09309229183  -0.1149660562  -0.06963797317  0.004010411532  0.1125224335  -0.4958964076  0.2669861834  -0.01185030862  0.3273009939  0.2813082354  0.3562585686  0.0779064588  0.3068913793  0.6557875797  
0.1569532641  0.09784245944  -0.4587989741  -0.4065376933  -0.3091864713  0.05342820947  -0.1133823943  0.1867386569  -0.5352809065  0.2911534182  -0.04377967782  0.2239147232  0.5013329419  0.3320073133  -0.07605418913  0.1895415785  0.1179943374  
0.01866877461  -0.200563072  0.1681200914  0.09515099322  -0.008632291693  0.3134298181  -0.0871984375  -0.08096434889  -0.3572152823  -0.11123565  -0.4450828209  0.03059200187  0.1044049005  -0.1117693495  -0.2114049383  -0.003787546486  0.04449661625  
0.2843781151  -0.09076860093  -0.4479073802  -0.4201647829  -0.3065640313  0.2422903695  -0.2357355878  0.0187684995  -0.6447597842  0.1278060443  -0.2518818864  0.3089878966  0.3239644857  0.2490224189  -0.03996332171  0.192724787  0.4399064793  
-0.1647683439  -0.2638718706  -0.01600429009  -0.1265038542  -0.03503129435  -0.2661746528  0.1448251193  -0.03348717903  0.1186207214  -0.1044303038  0.1192220839  0.00211946498  0.0006771523421  0.1158382466  -0.1890636387  0.01010464588  0.1141549036  
-0.1562134156  -0.3454518346  -0.6075964053  -0.5983420319  -0.5066442664  -0.2489421227  -0.1947937449  -0.1773415088  -0.7490282868  -0.1243285154  -0.3747002689  -0.1383090584  -0.08888826096  -0.1428854038  0.0631367491  -0.00850203863  0.1081027888  
-0.4254946941  -0.5412056859  -0.8747088819  -0.7945004561  -0.6986959069  -0.2008494369  -0.5373228321  -0.3425277429  -1.040790741  -0.1436177543  -0.7281369953  -0.2274203239  0.09486112251  -0.03434880138  -0.5628562175  -0.2608712972  0.4756322613  
0.2265401743  0.05624015608  0.1556239239  0.1519785706  0.02385043456  0.2908861876  0.2166721346  0.2187645602  -0.2730982841  0.3314044872  0.1591936396  0.3405787326  0.4569113147  0.2125561345  -0.06003284096  0.229376175  0.4450218773  
-0.1323422373  -0.1497355409  -0.4820180286  -0.3432578012  -0.2970429355  0.06899374235  -0.2177757413  -0.1051902758  -0.5502902218  0.1643984644  -0.2802073218  0.14415647  0.2899045697  0.2125292486  -0.2282990517  0.09217711069  0.4433115347  
-0.3295245922  -0.2652339743  -0.3256071781  -0.07309002297  -0.4636998463  -0.6435264564  -0.262787831  -0.1602063835  -0.6582474264  -0.1122630753  -0.3872076866  -0.2497587504  -0.1241930962  -0.3897299334  -0.4374866596  -0.5597548588  -0.05448903169  
-0.3133031416  -0.1835581824  -0.6314443785  -0.3271095201  -0.6108626796  -0.7395237719  -0.5696804996  -0.53976886  -0.8966638998  -0.3764858976  -0.611217219  -0.4965461747  -0.2545578495  -0.4510137887  -0.6809070231  -0.6232531532  -0.1770962003  
-0.4447215624  -0.2730648336  0.1397074225  0.05183573856  -0.0979007522  0.3670924089  -0.07163548767  -0.247392634  -0.4229352722  0.03004433714  -0.3088420799  0.05910523467  0.1011654649  -0.1363351659  -0.07461357693  -0.08432137268  0.1270076326  
0.04978605384  -0.2285312576  -0.5584669829  -0.3561781362  -0.377908996  0.03372234517  -0.286554329  0.06188184393  -0.6065187116  0.1397115127  -0.4211867555  0.1240663482  0.3443649601  -0.0514707451  -0.2354729231  -0.08728890559  0.1776248383  
-0.3244322068  -0.2540910774  -0.6434567676  -0.5950507645  -0.5130705471  -0.3627602691  -0.5710138273  -0.2900151399  -0.7307462177  -0.08912185692  -0.5789610309  -0.2723534964  -0.115748756  -0.2115772578  -0.3709586161  -0.18632865  -0.0139369333  
0.07100140351  -0.07284281568  -0.2421800978  -0.1648680413  -0.3236245297  -0.3030806141  -0.02664190552  -0.1882751887  -0.7141227964  -0.2102786922  -0.4771201107  -0.201862385  -0.2275439303  -0.1097080617  -0.3729071346  -0.1646860492  -0.1289756533  
0.01675549231  -0.1403309843  -0.5969371208  -0.4430486854  -0.390551428  -0.09611927322  -0.2882392555  -0.1230797847  -0.6789690756  0.02288776547  -0.4798023363  0.06440830048  0.2325130744  -0.02278352821  -0.08604927187  -0.1150616511  0.4522395675  
0.3289245334  0.08343722467  -0.4388346452  -0.3398123726  -0.3194297075  -0.04532897845  -0.2969450341  0.03918195703  -0.7618060839  0.1440354297  -0.4270962842  0.1098155737  0.2432378989  -0.04553289662  -0.2207014027  0.05839846958  0.2121096284  
-0.2843608463  -0.4328078129  -0.475588309  -0.2174147514  -0.5243577719  -0.5263854024  -0.3400384714  -0.5559432114  -0.9431758407  -0.5868067596  -0.3658941847  -0.501937528  -0.5462872054  -0.4763129514  -0.5076082193  -0.401714241  -0.4194633333  
-0.1904954598  -0.3893936989  -0.8076311075  -0.5406531099  -0.6105963524  -0.5020191083  -0.4260231189  -0.2685853789  -0.9745687367  -0.1736576009  -0.6023910204  -0.221233735  -0.2984122627  -0.4420611009  -0.5027614991  -0.3693809742  -0.1378402974  
-0.03311163989  0.01520401823  0.1326797567  0.2996102466  -0.09955800828  0.001678047467  0.1007378111  -0.2078195238  -0.560950663  -0.1471611992  -0.1056411586  0.0750201458  -0.1174680352  0.002834599322  -0.1631415756  0.04134621167  -0.1403279566  
0.01610932428  0.03726808974  -0.4862440532  -0.3225650759  -0.459339523  -0.381322273  -0.4020891018  -0.2795411124  -0.8398459836  -0.2087355477  -0.4022243711  -0.4063507694  -0.207237177  -0.3754524415  -0.5811089938  -0.2557617168  -0.2049232088  
-0.04225466965  -0.1276370479  -0.4533982788  -0.2853168093  -0.316784177  -0.1415288801  -0.3776061424  -0.09709738646  -0.7310959358  -0.06265904578  -0.4784351045  0.009693500814  0.08433502472  0.04343379828  -0.3034959121  0.04520725996  0.1671709153  
0.2976799187  0.1705323376  -0.2938894629  -0.06487732901  -0.1523187717  0.1604952032  0.113711655  0.03895503129  -0.5138065594  0.1268683333  0.09538728024  0.2919768499  0.3650603155  0.3124951799  0.3288710195  0.2936121221  0.7445996905  
-0.3014428604  -0.548295978  -1.029375456  -0.920096783  -0.6820190004  -0.4695453728  -0.6520261327  -0.1310668099  -0.5511706952  -0.2950353737  -0.3470468375  -0.2231628939  -0.1002053824  -0.1556507246  -0.2644315328  -0.2411459711  0.0856566036  
0.0664155416  -0.1034621081  -0.5904583949  -0.5229373316  -0.2654092153  -0.1895195042  -0.2955538748  -0.04713333424  -0.5910927604  -0.163575678  -0.3334282441  -0.1928317773  -0.02219922141  -0.1838638869  -0.2349211877  -0.162203016  -0.06427050608  
0.2688532669  -0.05114979819  -0.4552218567  -0.2961795327  -0.3075371336  0.06221371655  -0.1237981063  -0.008332287945  -0.7525102564  0.290963072  -0.3619592133  0.3794353075  0.4077770239  0.2158097262  -0.3021675387  -0.00727399553  0.5610703663  
-0.03862473897  -0.1683811136  -0.4792476297  -0.3864219597  -0.3767905319  -0.3121887999  -0.4922330364  -0.1900954603  -0.6023588124  -0.211127815  -0.4614027992  -0.1812420245  -0.04521146271  -0.1264027959  -0.02286455448  0.08929887925  0.4121914425  
-0.1149406366  -0.2016692965  0.2213028342  0.01376102715  -0.07549730654  -0.1874199775  0.1029851078  0.03597284464  -0.2212079837  -0.1449638366  -0.2349578868  -0.1263959137  -0.2971684883  -0.3012415194  -0.4480798208  -0.2724710325  -0.148842369  
-0.04721769922  -0.1130854409  -0.5132045265  -0.4094959033  -0.2646482926  0.2147467322  -0.1957195433  0.05691357974  -0.6915206944  0.2305792856  -0.2589255473  0.2818247919  0.3083017793  0.147126369  0.223293634  0.2568681108  0.5255059285  
0.1905926807  -0.1354286149  -0.5357489296  -0.3063007205  -0.5249940451  -0.2866603101  -0.1574838974  -0.4011794145  -0.923014616  -0.1533415284  -0.3496713593  -0.159726089  -0.3147604326  -0.3217220804  -0.5571150861  -0.149579955  0.1474103259  
-0.274803866  -0.09506384775  0.282789663  0.2123558492  0.05029423972  0.03871083429  0.18745229  0.0308829784  -0.001874493991  0.02867458045  0.1266788576  0.06010932293  0.03584663836  0.09815941002  -0.04051922092  0.1684524898  0.2230162508  
-0.5505037513  -0.3485078312  -0.2980664204  -0.285208262  -0.5326529408  -0.5124205886  -0.3555514439  -0.02056425599  -0.388317  -0.3798877282  -0.3710857944  -0.1795143882  -0.1694834712  -0.3574869323  -0.5064886713  -0.4483000462  -0.2914613823  
-0.2006475027  0.01899987302  0.1773556979  0.3100283357  0.08820131748  0.1058456209  -0.008989820832  0.1354330458  0.1827835794  0.2578974836  -0.06015698561  0.2830912984  0.2383099245  -0.01988526213  0.2139532139  0.04287745042  0.254045773  
0.329763085  0.1847935922  -0.4640488293  -0.3603731364  -0.27352291  0.05131735117  -0.1447963367  0.1031937274  -0.7362913304  0.2073245738  -0.03456605772  0.3160728282  0.3847610762  0.3832801413  -0.08141899908  0.2384714477  0.6286515311  
-0.4296781946  -0.2357012631  0.1432923432  0.1239743  0.08349001694  -0.01129576703  0.2095044716  0.00285560236  0.1523361677  -0.1189997285  0.005744165148  0.1110262557  0.05577921462  0.231596151  -0.09286509308  0.05875490074  0.05986319728  
0.06348335244  -0.196999903  -0.1173041592  -0.2316421641  -0.1443461537  0.07064250253  -0.2453506059  -0.04469769931  -0.2386245887  -0.0149293057  -0.2021384454  0.1357302033  0.3789612138  0.01135637397  -0.01995766703  0.06581871825  0.2430942142  
0.2202063551  0.003218301811  0.1287259333  -0.04072130358  0.1492275229  0.3209381658  0.2093747674  0.3042243178  0.06652880907  0.1378664131  0.1701478098  0.2978583846  0.2835717704  0.2420801865  0.2731562973  0.2421818524  0.3079052561  
0.03246360896  -0.3036463674  -0.2935314421  -0.2074471398  -0.2092957717  0.06048630655  -0.008563786321  -0.2431337602  -0.6047644426  -0.2150032631  -0.2388172723  -0.01500616846  -0.1324509823  -0.01912719265  -0.3698693099  -0.1027361847  -0.1930365456  
-0.2908026464  -0.2913942556  -0.5992406931  -0.4325465539  -0.4827221583  -0.2412426707  -0.3527517421  -0.02309242182  -0.6322638508  0.08493726662  -0.2634851274  -0.1015039936  0.2552713702  -0.08634474721  -0.03508374527  0.006144759142  0.3179232942  
0.2901498453  0.03875603749  -0.2349345746  -0.05932486767  -0.04335955949  0.0314146883  0.08649961513  0.08922890882  -0.4826000078  0.1628943049  0.07671705825  0.1877762394  0.3063637191  0.16822567  -0.00756969799  0.1264703103  0.2904891076  
0.1177458  -0.0003290544017  -0.4482113656  -0.4253123418  -0.3831679167  0.01147497393  -0.1566138118  -0.008855444823  -0.6414541152  0.1146181562  -0.1277315251  0.1555112862  0.0665122624  0.0203351826  -0.08468284908  0.149625183  -0.0447943949  
0.2130752541  -0.2034157241  -0.4787643079  -0.315343052  -0.3319019348  -0.01119572712  -0.164915255  -0.007377196174  -0.8551844666  -0.017132158  -0.3124406889  0.2658181561  0.3890434178  0.2634307797  -0.1180421573  0.1928993199  0.3870631964  
0.09844324804  -0.4434265853  -0.7649170005  -0.6956322743  -0.5636771398  -0.3470176157  -0.6458688353  -0.4087229344  -1.028930158  -0.3308271023  -0.8495590306  -0.4124289143  -0.2820067855  -0.5668414184  -0.6743696401  -0.5941619524  -0.5466165231  
-0.1798090033  -0.2241130437  -0.1585405841  0.0871075346  -0.3882490735  -0.2882452006  -0.2544428714  -0.06792267112  -0.8386268336  -0.105480808  -0.4532551588  -0.02871189931  -0.03336869394  -0.02980541698  -0.4444495941  0.01692990882  0.3868768048  
0.1587258854  -0.07697590538  -0.473306653  -0.1878963859  -0.3722353771  -0.06439638708  -0.1521823359  -0.05955400512  -0.6504743396  -0.03879842869  -0.2496998727  0.03138304946  -0.07948643803  0.0658049993  -0.1585434828  0.03817064766  0.0652843095  
0.1129159139  -0.1772158154  -0.4976281574  -0.2508450192  -0.2607094067  0.16324145  0.06717771441  0.1292494925  -0.6384854605  0.4130610654  -0.05584804934  0.4471890725  0.5454829455  0.3567149697  0.07128517464  0.3203974957  0.7202686673  
-0.04123952841  -0.2552538543  -0.5117758974  -0.3816324228  -0.3558403836  -0.2877348843  -0.4860960788  -0.2352184807  -0.6516077025  -0.179642109  -0.4045032457  -0.2441560512  -0.09531518435  -0.2219251277  -0.2051055381  -0.1265875337  0.1389593676  
0.158634483  0.1373870578  -0.1743945325  -0.08879808505  -0.3378135286  -0.1000480155  -0.1035798772  0.2094575109  -0.6931728245  0.2440460407  -0.09119175561  0.2142336332  0.3199557279  0.1840681025  -0.1809182197  0.07353913758  0.5045823926  
0.04667113508  0.1245654111  -0.2777166683  -0.1258777418  -0.04003084495  0.376330469  0.2233201202  0.3830683707  -0.5143744844  0.3982395889  0.06062767854  0.4905140391  0.6054729651  0.8022526787  0.08820022991  0.5448215729  0.9379812967  
0.05262509187  0.04638381797  -0.4916313066  -0.3558375336  -0.3665458545  -0.04284667003  -0.2402232445  0.1108238794  -0.6811947505  -0.02266895226  -0.2077777075  -0.2826302599  -0.02248167521  -0.1639727234  -0.08581931083  -0.1934773699  -0.009374255173  
-0.4133032307  -0.5358595406  -0.4281015824  -0.4946690291  -0.7360599532  -1.331193979  -0.9076529779  -0.478483003  -0.6808739237  -0.9549545054  -0.8503015451  -1.218126013  -0.8169620717  -0.960958715  -0.6098907441  -0.7201645118  -0.7733888119  
-0.2404278487  -0.4642292198  0.2988649255  0.09598616181  0.1770244088  0.3639025294  0.3656529962  0.1359939229  0.02968746912  -0.008770300914  -0.2218243434  0.199986703  0.2207863955  0.1389500198  -0.005806097879  0.1127647348  0.2018546261  
0.1891784239  -0.004008453032  -0.3380334686  -0.1780650277  -0.1003530439  0.08258500119  -0.09202234705  0.08971821584  -0.5543979828  0.233268706  -0.081919927  0.2782167682  0.3718222052  0.2621274274  0.1010305841  0.1581371897  0.4678466818  
-0.08951320797  -0.4251676464  -0.560524915  -0.6051658181  -0.5050069409  -0.1512515712  -0.5071700436  -0.2612686088  -0.8244826034  -0.060579324  -0.6073791378  -0.1440976812  0.0605828163  -0.1074512139  -0.409285517  -0.136472826  -0.03533974216  
-0.00340180447  -0.1633172005  -0.6707237899  -0.4389743532  -0.3955438813  -0.02468875535  -0.1413767133  -0.01501280229  -0.7653502998  0.2357232617  -0.2455135672  0.1245530766  0.2573212853  0.2429199284  0.1621875011  0.0001098106907  0.3615897677  
-0.05862526481  -0.09690802159  -0.5550665082  -0.5118764475  -0.4391770243  -0.1845814683  -0.344055083  -0.4300204128  -1.150117932  -0.3758559217  -0.7264631018  -0.4829931756  -0.3407456122  -0.5369336847  -0.5946494934  -0.6226315662  -0.7170535644  
0.1337641899  0.1673958516  0.1578801526  0.1961419167  0.09734708864  0.3176640155  0.05439014946  0.1485623439  -0.1014177486  0.1137302821  0.009823704265  0.1945133691  0.2281913569  0.09537117013  0.05576144387  0.04494087691  -0.02549865764  
0.0426897126  0.0009607691277  -0.4236296043  -0.1839799486  -0.03607816793  0.2436779342  0.0353751553  0.05503560686  -0.2659099081  0.1313621445  -0.1964477104  0.3766007623  0.4125470717  0.1535020343  0.008593307677  0.08579248475  0.3634429004  
0.321138269  0.766457026  0.9255287938  0.9103619515  1.023482688  1.142141106  1.096242574  0.7325267696  1.303326531  1.027954868  1.147270144  0.8795622949  0.9156164708  1.170265269  1.194505316  1.007622318  1.05179562  
-0.1023617488  -0.2150095658  -0.6218830934  -0.4128618603  -0.4570437854  -0.1486674648  -0.1146747732  -0.03045448804  -0.6909046187  -0.004641020953  -0.1904716589  0.08119631291  0.141268573  0.06025639519  -0.3178711616  -0.09060470476  0.4445903034  
-0.07203889867  -0.0734991971  -0.4093748196  -0.2227845715  -0.3253164456  0.04677900465  -0.01408193917  0.05194806413  -0.4168980183  0.2242502477  -0.003005504844  0.1570784143  0.1598338951  0.2113436833  -0.03022474829  0.1729888112  0.3663230909  
-0.009507417318  -0.3158445765  -0.4910537214  -0.366287099  -0.3649056491  0.002433499881  -0.3000616056  -0.06634685574  -0.5912246138  0.1763202888  -0.1918656966  0.1828510757  0.2264343104  0.1757965472  0.001611188393  0.2102533332  0.6273051403  
-0.002418006981  -0.1666330219  -0.6778482532  -0.5093743167  -0.5833249534  -0.5908482288  -0.6000703782  -0.346575878  -1.01592387  -0.3030664546  -0.6484837082  -0.32658223  -0.3087135252  -0.2376656569  -0.4882612647  -0.3246268017  -0.3100538936  
0.05154569772  -0.08495268633  -0.487421457  -0.4610775689  -0.4723594685  0.001882816362  -0.3265250746  -0.07120726949  -0.7905705039  0.02184184395  -0.3618196989  0.1607577588  0.208897414  -0.08218426594  -0.1689283478  -0.1918626373  0.3681139738  
-0.3117516259  -0.3212504794  -0.8634316328  -0.5339628092  -0.4759972367  0.03722869759  -0.2073175558  -0.1360403391  -1.059126942  -0.06932916192  -0.4932315176  0.138762929  0.05267027174  0.03080583588  -0.4223326357  -0.2069547955  0.2228841896  
0.07084574744  0.02743795069  -0.2106124051  -0.1037596824  -0.4067463426  -0.534857043  -0.3537127843  -0.2508058051  -0.854455976  -0.2525695283  -0.6398582055  -0.3084863067  -0.3191778837  -0.4917999205  -0.66530882  -0.8084709835  -0.2960263926  
-0.1314645935  -0.09406008946  -0.6120100923  -0.5096529042  -0.5041362939  -0.3763384201  -0.2665253175  -0.289565249  -0.9023668938  -0.2562934004  -0.326137835  -0.1760203885  -0.2727620792  -0.1874000237  -0.1892651113  -0.2377431248  -0.2507978938  
0.2049351207  -0.1062607872  -0.3968141448  -0.2142757071  -0.06408731614  0.1522400111  0.1054912553  0.209251414  -0.5413972458  0.1146039332  -0.1914607958  0.3161880453  0.4361426571  0.2653508253  0.07410188277  0.2307372764  0.5115102653  
-0.6111517679  -0.3577215217  -0.6005189665  -0.4330591565  -0.5415493268  -0.1180860019  -0.3094970871  -0.3373938875  -0.8069646409  0.007500532923  -0.478930906  -0.02221149301  -0.005433400802  -0.137918764  -0.2329163908  -0.1948545591  0.1574048425  
-0.1071001223  -0.3347007414  -0.4327099995  -0.2875229871  -0.3717138007  -0.1298036942  -0.3924637506  -0.1740660086  -0.6010894215  -0.1274142654  -0.4047794452  -0.020548876  -0.05120889735  -0.2866116245  -0.1409112897  -0.1752371399  0.09461386187  
-0.0226253047  -0.02017927132  -0.4116575563  -0.310886714  -0.007383930249  0.2147601013  -0.04881594239  0.1492037161  -0.2902319922  0.1587319092  -0.06434100054  0.178102696  0.3273456432  0.1605946118  -0.03538719516  0.002714447429  0.4081740348  
0.3756766128  0.2271005243  -0.2299003017  -0.1389308315  -0.1565010846  0.06395382229  -0.1325058662  0.2338105981  -0.4859039236  0.1654254056  -0.1939541665  0.3619151273  0.3489543385  0.2388741265  0.04107869872  0.3384712484  0.541555175  
-0.6145712767  -0.3327102191  -0.572942319  -0.33883684  -0.2406972031  0.1864576819  0.1165117421  -0.01756753224  -0.3816458914  0.2647141122  -0.190002154  0.2726581534  0.2055889231  0.3293064833  -0.1556883144  0.3953880024  0.1802249218  
0.03360603491  -0.1254759353  -0.4961839355  -0.3356971482  -0.274252061  -0.06933107459  -0.2633486083  -0.02102967573  -0.7282466268  -0.02576771769  -0.4671138076  0.140478445  0.2959060407  0.2898030948  -0.01762762217  0.0143227049  0.2897541326  
0.1892652438  -0.1493292912  -0.534235355  -0.290714355  -0.172080173  0.1484988304  -0.1321782986  -0.001685003648  -0.644159949  0.10970707  -0.369630911  0.04247206251  0.01780327444  0.1077217878  -0.1139977713  0.06262916281  0.1271947734  
-0.3468015241  -0.2714631994  -0.7448310587  -0.4970253552  -0.3983708729  -0.3076456158  -0.3906935399  -0.1688212081  -0.5918065764  -0.1302101988  -0.4276557271  -0.2178143478  -0.08268512763  -0.09006144894  -0.1451180697  -8.854750235e-05  0.03320570798  
0.06352062812  -0.07930452963  -0.5108130341  -0.3312302773  -0.1733860106  0.04905912188  -0.2561948722  -0.03432767619  -0.577830199  0.1498736019  -0.2098618215  0.01599234433  0.1868560028  0.2329123484  0.03126955417  0.1205171463  0.2809462141  
-0.1771954933  -0.1801760963  -0.6405278694  -0.5569156798  -0.4012104539  -0.2327259449  -0.392704265  0.002314468994  -0.6423403004  -0.06889562399  -0.5191267984  0.02820401193  0.2694271528  0.02677095099  0.003472882  -0.1339238821  0.4650710376  
0.1050578673  -0.0830449084  -0.4135506881  -0.350105979  -0.1975022396  -0.05273227132  -0.0890814564  0.1035614736  -0.6096027819  0.1852757101  -0.1260313907  0.0365873631  0.1487040454  0.2548095292  0.1083169825  0.2211892568  0.2207684204  
-0.07104668784  -0.177925162  -0.653430132  -0.5383274368  -0.4982154614  -0.2503561494  -0.2803161213  -0.317053977  -0.9774747532  -0.1676267609  -0.6216323631  -0.02216628764  -0.008306285266  -0.08532344631  -0.5035049999  -0.483015438  -0.003822164147  
-0.1742253561  -0.2659163279  -0.2845943787  -0.2142101159  -0.2456901645  -0.08821309196  -0.2126380972  -0.1400796639  -0.5095689136  -0.03487023348  -0.5343350527  -0.001718388879  -0.141578421  -0.1673386748  -0.1774810795  -0.2802999155  -0.1491977015  
-0.1863984928  -0.3210016841  -0.6595597739  -0.2217618455  -0.4393558998  0.09864128518  -0.01637396629  -0.1953567204  -0.7304505074  -0.02283898237  -0.2801857151  0.1390781284  0.07419754482  0.3280077275  -0.2677779368  0.09227023415  0.2021744503  
-0.3762264838  -0.4634612112  -0.7193309294  -0.5681309092  -0.6813657678  -0.580746056  -0.7020861206  -0.4684023903  -0.7923142446  -0.4423550104  -0.6259814524  -0.5124972698  -0.3500035994  -0.3616272084  -0.6034794924  -0.3311546787  -0.09534994108  
-0.2115836819  0.04169631163  0.1870179245  0.04348270641  0.1951921426  0.242070426  0.07204817121  0.2635089501  0.5149758861  0.1548489838  0.07166864319  0.3512100448  0.4854339499  0.3430756532  0.1547279704  0.1849245025  0.4263306475  
0.2472867343  -0.1349692482  -0.279329076  -0.06385946366  -0.2525000606  0.02541078678  -0.06273743713  0.04004034719  -0.4548345337  0.1395080858  -0.1942175141  0.3392137933  0.2646817756  0.3094758986  0.157688259  0.3006506805  0.4716022705  
0.01057435998  -0.1149950269  -0.55115175  -0.5046231833  -0.439847024  -0.2480636653  -0.3541547587  -0.07216856149  -0.597221264  -0.09672093583  -0.3029471565  -0.1134034651  0.03704459513  -0.04794423684  -0.008118439381  -0.2147689186  0.2395303967  
-0.8121705776  -0.8489391318  -0.9973037859  -1.003692799  -0.9639236903  -1.019074284  -1.032967816  -1.051371878  -1.038483586  -1.014902546  -1.044389638  -1.063569311  -1.060590903  -1.037968513  -1.069616384  -1.061863197  -1.072567463  
-0.04529941025  -0.04962136382  0.08090971096  0.1015456683  -0.01003035102  -0.04869214682  0.2338852077  0.03917666356  0.03261073238  0.03050081934  0.01371218201  0.1571969302  -0.04172093386  0.007395701743  -0.3272590809  -0.1163806469  0.211967484  
0.3592103833  0.2046599035  -0.34388339  -0.09365971295  0.006915088546  0.0999191498  0.09105013425  0.2817149016  -0.519074718  0.2787335232  -0.2145879138  0.2223012394  0.3114494727  0.1443753248  0.1000152033  0.2332314223  0.2101657962  
-0.4117083135  -0.5850463185  -0.1977459633  -0.2076202617  -0.3757545296  0.1627142828  0.05192007697  -0.02797776535  -0.6060911481  0.01672660058  -0.0002877574668  0.07821062236  0.1913808856  0.1454483859  -0.2901319621  0.006407915111  -0.005913075842  
-0.1908425001  -0.12357417  -0.1487883991  -0.0796671422  -0.05843648706  0.06031745272  0.05671872404  0.1767568019  -0.2535953156  0.04985297007  -0.01029604956  0.1285108824  0.02701492451  0.06991121392  0.009267703503  0.01499360708  -0.2962217844  
0.003529382088  -0.02639284738  -0.3972891023  -0.2043900166  -0.4291574359  -0.1890394549  -0.4244964041  -0.258064387  -0.8241849796  -0.11284838  -0.5952931066  0.04349018043  0.1030165254  -0.1046413508  -0.3623958638  -0.3091728846  0.4089284431  
-0.1284719901  -0.3752184668  -0.2663733912  -0.1689416478  -0.1460508966  -0.1037497301  -0.1385406283  -0.197194623  -0.5318848833  0.02490834424  -0.2554989767  0.02746196071  0.1373882501  -0.1488883902  -0.03420642967  -0.2720695681  0.3298337844  
-0.1331992217  -0.4209701094  -0.7672550814  -0.7095138149  -0.5895343813  -0.469379016  -0.4822940384  -0.4123553012  -0.9535985856  -0.2150810024  -0.522385356  -0.1364449988  0.03084286283  -0.02394119608  -0.2937238928  -0.3812369572  0.2282337893  
0.02861722232  -0.02923591303  -0.3252655565  -0.2273242365  -0.1298997915  0.1981555773  -0.009902773677  0.1910008031  -0.5555440591  0.01398556886  -0.1221640054  0.3101623389  0.3169123161  0.106143537  -0.05706593624  0.1209527569  0.4031841724  
-0.1065696109  -0.2604875776  -0.7285265018  -0.7169456463  -0.6701567735  -0.4093562285  -0.6808207351  -0.6256929205  -1.143580845  -0.4323349412  -0.6854176599  -0.41503399  -0.3393635955  -0.5301711574  -0.6441745291  -0.5252940268  -0.3638199334  
0.4148476499  0.1330746786  -0.2234456958  -0.1167368944  -0.1552062801  -0.1109806311  -0.1563049241  0.05519302055  -0.6016465101  0.156792978  -0.2602326068  0.2649654712  0.2611990075  0.2882589489  -0.2928608872  0.110707047  0.3356534364  
0.009185529644  -0.002532385446  -0.3748860502  -0.3325616556  -0.1756901587  0.3413403312  0.02916291518  0.3953093344  -0.4597740893  0.3670743529  0.03738772462  0.3044757248  0.5355841624  0.363249164  0.2216573913  0.330752938  0.2419444307  
-0.2851688733  -0.3819323757  -0.7845937885  -0.3833214884  -0.5291973352  -0.3055328878  -0.3150704404  -0.3372512989  -0.8890342462  -0.09727993498  -0.4363481697  -0.2176807469  -0.01194860852  -0.06394118862  -0.45688534  -0.1806028672  0.1689573639  
0.1779652297  -0.07233038241  0.04449304785  0.3966180439  -0.09502040625  0.196430133  0.3284932227  -0.1835342844  -0.4198486076  -0.0006800569026  0.202773038  0.1305486281  -0.02099963255  0.2271045641  -0.00637727688  0.2856780696  0.04820027047  
0.1492575554  -0.1519137294  -0.2320184282  -0.2340097911  -0.3092515651  -0.2085580148  -0.2216192643  -0.2892282268  -0.6422019661  -0.1921499622  -0.2536310872  -0.2158039088  -0.2095204104  -0.08276600323  -0.2257315689  -0.2852269213  -0.02009124126  
-0.4897413545  -0.5957974947  -0.9437158193  -0.9020306179  -0.9020913846  -0.6383254694  -0.9183032402  -0.6703101204  -1.235812918  -0.4465451149  -1.095681461  -0.5369368171  -0.3522848924  -0.5016303786  -0.6385238777  -0.7330136898  -0.3830344171  
-0.3802139933  -0.2663154689  -0.700087671  -0.5671675956  -0.5042416512  -0.7460936488  -0.5168588876  -0.07719283764  -0.8278627113  -0.3466212124  -0.3175235528  -0.3715653055  -0.06645538178  -0.2445962599  -0.08256732784  -0.1694662415  -0.2860377398  
-0.6689263117  -0.54223825  -0.9945511699  -0.6957984061  -0.4016098973  -0.3702562427  -0.3768617824  -0.3562932098  -0.561983745  -0.1926023902  -0.3645934023  -0.1933549455  -0.2132992575  -0.4316513662  -0.4757333305  -0.3870119076  -0.334104718  
0.1168171277  -0.2516620342  -0.678691073  -0.4618201684  -0.3883138757  -0.1109734855  -0.4109926638  -0.1491019352  -0.8450300793  -0.02118599534  -0.3379086122  -0.1188937181  -0.05413622086  -0.02262565598  -0.1767992303  -0.1433666016  0.1437775802  
0.2416087875  0.3983893374  -0.4070335197  -0.1364828838  -0.1330306964  -0.133439132  -0.1102007637  0.2403078989  -0.5316475707  0.2377146879  -0.2841400846  0.3384329138  0.3747389913  0.226342094  0.2099795707  0.1291341488  0.6620210165  
-0.1555755661  -0.254429136  -0.5244161924  -0.4926692322  -0.3774801532  0.1627189515  -0.08779769763  0.02869524702  -0.6923384714  0.1723571952  -0.1433296911  0.2938098109  0.4343247346  0.1659326022  0.1589545182  0.08088974798  0.7017474469  
-0.012260736  0.03112805536  0.4291306623  0.4284835478  0.07709131011  0.4304354508  0.1645096354  0.01485959886  0.1533226052  0.144887832  0.06084784336  0.08286790809  0.07892463734  0.07693729486  0.03720848587  0.2607862876  0.317420741  
0.1490261838  -0.005360436024  -0.3965900456  -0.2211004289  -0.3557403305  0.2290716472  -0.09579087398  0.02026345663  -0.6889839615  0.2411668178  -0.2927103714  0.09068182239  0.1751815284  0.1064676843  -0.1294841159  -0.1091141972  0.3065097731  
