-0.2559120992  -0.368926146  -0.6735965188  -0.5603312217  -0.5643992722  -0.3354023254  -0.52846523  -0.4180293943  -0.7267651147  -0.3388079468  -0.5648421934  -0.2097123908  -0.4133023481  -0.1817197731  -0.4132526421  -0.2861507585  -0.2202141301  
0.01490705677  -0.1014460507  -0.4655208865  -0.2478053365  -0.4089124152  -0.01328521284  -0.3746471952  0.1227906124  -0.5606014044  0.3538991024  -0.2707997093  0.3055868652  0.473988635  0.2747367871  0.191968681  0.2952988302  0.7024760137  
0.2878340856  -0.1610909535  -0.3066999038  -0.223221653  -0.2162520151  0.149964138  -0.1141924596  -0.01563812476  -0.5029986494  0.1460544242  -0.09455339471  0.3734147431  0.3545273377  0.1964118718  -0.02674121621  0.09849229426  0.4327640223  
0.01139084142  -0.04501374672  0.001818333526  0.01291176175  -0.07570985821  0.2114510712  0.06520582784  0.2510593572  -0.02697153495  0.1933180374  0.1469840737  0.2535941208  0.1841883102  0.008133447198  -0.1474597803  0.01793595737  0.03448123628  
-0.1215621584  -0.3431027336  -0.5530469928  -0.5405167945  -0.4479622677  -0.2238369981  -0.451700116  -0.1919921292  -0.7469876847  -0.04748589425  -0.3962761368  -0.04294785865  0.2047628972  -0.04133449464  -0.04513357194  -0.01738739387  0.1157269574  
-0.2147228808  -0.192931308  -0.4732244162  -0.3595188799  -0.2908529896  0.03987561856  -0.05530472854  0.02430032941  -0.6662201711  0.127398245  -0.05949419385  0.2907367103  0.2263377014  0.1349819817  -0.2654096384  0.03239329313  0.4600943097  
-0.4175344371  -0.2742222659  -0.7463287118  -0.5462158665  -0.4654526196  -0.07196791812  -0.2940609492  -0.1964224553  -0.7284369449  0.1071290428  -0.3835648774  -0.05232580194  -0.1049999857  -0.2029098969  -0.04976647996  -0.2988937885  -0.1581046107  
0.2297603194  0.2358125594  -0.293746831  -0.1462497536  -0.1092566858  -0.2718518811  0.0221633988  0.15347879  -0.1803125276  0.1516966379  -0.0223331949  0.150950945  0.1460929215  0.1713308496  -0.01358800119  -0.02362662218  0.2901749182  
0.6902548573  0.3733450427  -0.1977193789  0.06510177818  -0.1093576309  -0.07676990322  -0.01708207889  0.100176626  -0.4858004526  0.2580502376  -0.03625296515  0.2990481469  0.2694213262  0.3334195499  0.06638619281  0.289851586  0.6566782578  
0.1890481448  0.1357443364  -0.4090168818  -0.3735012449  -0.2945029729  0.089368646  -0.1122918704  0.2031478849  -0.5081530677  0.3223984709  -0.03442112196  0.2241944007  0.5738837444  0.4169116123  -0.09530302506  0.2424551943  0.1265536268  
0.1318132478  -0.2502914531  0.07058727193  -0.007807966119  -0.1161464695  0.3660005993  -0.1512919871  -0.1078331466  -0.4347569853  -0.08992596904  -0.5579380556  0.0719752411  0.08908131975  -0.1458153426  -0.2216330261  0.002373549454  0.03327079176  
0.2765526101  -0.09234211203  -0.407151136  -0.3773925866  -0.285518068  0.2847714541  -0.237638207  0.004200930051  -0.6021177651  0.1215601183  -0.2714732658  0.346065311  0.297834115  0.2324941217  -0.05752041985  0.1940633699  0.4186776261  
-0.1102577936  -0.2436985624  -0.09881882626  -0.1743204821  -0.07292709829  -0.2719053344  0.1233639561  -0.01739946604  0.0391929981  -0.1105332501  0.08978577326  0.004693648319  0.007361782862  0.13842901  -0.1959810157  0.005576679054  0.1321079061  
-0.1714460331  -0.3096180145  -0.6094340186  -0.5958824753  -0.5145165945  -0.2424115252  -0.2639776513  -0.2036509226  -0.7593988968  -0.1264508122  -0.3974252242  -0.1758324829  -0.1227170166  -0.184017716  0.004887920995  -0.08394136392  0.08973687144  
-0.4044869395  -0.531740367  -0.8108818562  -0.7603512874  -0.6791744198  -0.2228720993  -0.5657970555  -0.3775399417  -0.9837340345  -0.163646362  -0.7308584483  -0.2651450815  0.02429907048  -0.1025450323  -0.5918593433  -0.3112862513  0.3708750017  
0.4805831862  0.1392288642  0.1670343328  0.2083183586  0.120935421  0.4561975349  0.2695734084  0.3184666895  -0.2123570331  0.4829733667  0.1974821152  0.4769949364  0.6236891114  0.3847246564  -0.007057418031  0.4035455078  0.6437099123  
-0.1259130164  -0.1749987886  -0.4566940031  -0.3297627291  -0.298314923  0.04451651604  -0.2472140814  -0.1235847084  -0.5452505443  0.1384672104  -0.3136656945  0.1038501119  0.258074795  0.1605430135  -0.2383922645  0.08138957211  0.435562631  
-0.2991419591  -0.249012279  -0.3446899288  -0.09751445963  -0.4704200374  -0.5976852657  -0.2668968167  -0.1131059148  -0.6873387844  -0.057924881  -0.3754703608  -0.2244841225  -0.05487472706  -0.327590735  -0.4120236306  -0.5036191595  0.03583522425  
-0.3266463494  -0.1844200457  -0.6086211721  -0.338477068  -0.5859584688  -0.6943139512  -0.5393147002  -0.5099305254  -0.8339570406  -0.3404320416  -0.5732244777  -0.4725883851  -0.2367023998  -0.4261472863  -0.6527336285  -0.5827847606  -0.1716205001  
-0.3839924308  -0.2545432126  0.03885484883  -0.009445075376  -0.1287457069  0.3603833951  -0.1300940709  -0.2495211345  -0.4611769889  -0.00298566932  -0.3495299686  0.04723349872  0.07353532908  -0.1609429241  -0.08858240985  -0.1071003639  0.07320743521  
0.04879989422  -0.2268347854  -0.5331627106  -0.3475909899  -0.3545471417  0.04301550933  -0.2951347327  0.06391995748  -0.5849628537  0.1816458881  -0.4135274175  0.1277103451  0.3429412247  -0.04763917809  -0.2217117436  -0.08622523908  0.189170577  
-0.3266160763  -0.2483378728  -0.6038893965  -0.5473904401  -0.5030649684  -0.3548774649  -0.5515524885  -0.267118127  -0.7006305248  -0.05554990624  -0.5638443363  -0.2589063415  -0.08751245415  -0.2071394139  -0.3722842162  -0.1675184103  -0.0151120817  
0.1455602428  -0.04208179132  -0.2796954117  -0.1573743972  -0.3389664074  -0.2745223306  -0.02318608451  -0.1544378155  -0.7321133117  -0.1581016523  -0.4781043324  -0.1676816919  -0.199129942  -0.09420387671  -0.3612875549  -0.1635485686  -0.09698027175  
0.0132465903  -0.1424626412  -0.559662185  -0.4216147391  -0.3746615503  -0.0571792522  -0.2855405903  -0.1345449859  -0.6527994123  0.02735272439  -0.4832169017  0.0475308262  0.2346858541  -0.007632708898  -0.09903162073  -0.1148456304  0.483243568  
0.3656421399  0.1119886653  -0.4037924671  -0.3145843996  -0.2800995654  0.005691094945  -0.2862952  0.04026208062  -0.7141325789  0.1679125752  -0.4125982365  0.1046983087  0.2491581  -0.05343929938  -0.2261411529  0.07473238326  0.1967028022  
-0.3054770106  -0.4156373032  -0.5215885853  -0.2985767134  -0.5282151994  -0.5270429438  -0.3751397945  -0.5643949901  -0.9155608789  -0.5647731544  -0.4182836953  -0.4978939256  -0.5286665981  -0.4899101534  -0.5639633722  -0.4440498633  -0.4222582968  
-0.2429458349  -0.4313317333  -0.8040777861  -0.6259730903  -0.6646945645  -0.5792402522  -0.5212486916  -0.3852943468  -0.931728799  -0.2768736276  -0.643028631  -0.371831743  -0.4248876078  -0.5456875339  -0.5937170726  -0.4927704517  -0.3300333056  
-0.02037668844  0.0218357155  0.07548427171  0.2498774162  -0.1480271332  -0.03619748209  0.04196863293  -0.2279965427  -0.6134668662  -0.1537007061  -0.1385892806  0.07364101819  -0.1104854298  -0.04143492577  -0.2021457984  0.01636573837  -0.1450004358  
-0.001586933309  0.03769664328  -0.4717800292  -0.3280218917  -0.4547487533  -0.3730784225  -0.4007575834  -0.2731215299  -0.8032056663  -0.2014089621  -0.3968081105  -0.4111268461  -0.2083177513  -0.3736533008  -0.579857478  -0.2714383897  -0.2036425001  
-0.05327874698  -0.1323927866  -0.4277945517  -0.2526775489  -0.3089521385  -0.1307579011  -0.3721969557  -0.07451997636  -0.6887861753  -0.03491508782  -0.4668950138  0.01397684809  0.0965021963  0.01730506534  -0.3031534623  0.06635137903  0.1701668809  
0.4302932616  0.2403677317  -0.2688177522  -0.03379042504  -0.1095579123  0.2007296686  0.1153988382  0.07428836842  -0.5047455823  0.1638367774  0.06249121365  0.3357504193  0.403167199  0.2848454567  0.3267207869  0.3163572261  0.7830752695  
-0.2492474991  -0.4630098358  -0.8939838959  -0.8349411635  -0.6035036513  -0.3445192248  -0.5815122202  -0.05220372697  -0.5242795389  -0.2177140003  -0.3292577139  -0.175767573  -0.05471581058  -0.1099876493  -0.2310060912  -0.1819087366  0.06841546135  
0.07149848913  -0.1121465293  -0.5189196189  -0.4918755224  -0.2734688178  -0.1684069744  -0.3235482934  -0.09196172534  -0.5883811347  -0.1812233877  -0.3653448533  -0.1946947622  -0.04634657237  -0.2117105879  -0.2888560307  -0.1851349556  -0.1233088143  
0.3370619354  -0.001106457072  -0.4107610119  -0.2695476916  -0.2697671001  0.1109731678  -0.1153415602  0.009300659558  -0.7010778142  0.3112879801  -0.3439170883  0.4236489126  0.4439525608  0.2292899958  -0.2702785305  0.03628295706  0.5692494162  
-0.04330160757  -0.1618672891  -0.4446129414  -0.3459588606  -0.3549043114  -0.2782405034  -0.4601543763  -0.1694171044  -0.5586270701  -0.2089930577  -0.4408540076  -0.1618238433  -0.04491194015  -0.1471897989  -0.04229446414  0.1031521392  0.3897294475  
-0.1454545767  -0.2641594711  0.08740129328  -0.07229068168  -0.1378235141  -0.2188297557  0.03571077111  0.02143747862  -0.3658005967  -0.1074334362  -0.2716257968  -0.137212417  -0.2739064678  -0.3400581089  -0.5032854661  -0.3036228716  -0.1255658658  
-0.06680537403  -0.1320683952  -0.4748286389  -0.3864245553  -0.2718761478  0.1556113688  -0.2346768754  0.003167217372  -0.662446606  0.2061109488  -0.2876967318  0.2233412166  0.2274395462  0.1218968634  0.124181476  0.2174477804  0.4545805605  
0.2312163487  -0.1171486377  -0.5138966091  -0.3553114037  -0.5034336519  -0.2599162172  -0.2236415559  -0.3830641758  -0.8625314379  -0.1327136205  -0.3629929468  -0.1460740022  -0.2737576451  -0.3027071441  -0.5085328538  -0.1326564068  0.1615580476  
-0.2366431336  -0.1158923852  0.2132355444  0.1761939685  0.005526886564  0.04605536331  0.1688545269  0.02819779554  -0.09480860833  0.06377262643  0.1281767514  0.06207432652  0.06535148225  0.08476065057  -0.056311785  0.1538224172  0.2421294916  
-0.5643788992  -0.3986482969  -0.3694726226  -0.3727759077  -0.5910963647  -0.5684666262  -0.4250734183  -0.05079208506  -0.5028434276  -0.4320118463  -0.442752072  -0.2582174905  -0.2155302131  -0.4035654533  -0.5575558369  -0.4804080708  -0.3408706112  
-0.1229993711  0.008504469838  0.08933244305  0.2963366191  0.04498438982  0.08654272729  -0.1013115911  0.1144404631  -0.02742561312  0.2755647299  -0.1563038751  0.2319791484  0.2624202062  -0.05893999966  0.2579084115  -0.006444941295  0.2490081234  
0.3580583694  0.2174890538  -0.3761830775  -0.3064880093  -0.2388541493  0.08351158734  -0.1380213482  0.1316420317  -0.6760561129  0.2357920483  -0.05369884184  0.3162308468  0.410459549  0.3699147749  -0.09549689543  0.2626336407  0.6530851789  
-0.4610483743  -0.2379504233  0.06006369202  0.03401169995  0.003299339912  -0.05401704956  0.1812208895  1.708205264e-05  0.0528522475  -0.1366160423  -0.05894937163  0.1169164671  0.0537512465  0.2023307103  -0.1721312817  -0.009713060796  0.02771313545  
0.1776888259  -0.1719088301  -0.1799070298  -0.2499517695  -0.1706043945  0.1590978257  -0.2751274031  -0.008214932399  -0.3334693251  0.04353637723  -0.2126111006  0.2143818278  0.4468568533  0.08538695405  -0.0334834633  0.1351721647  0.318095736  
0.3155071276  0.007866552891  0.05755994208  -0.04253645621  0.1280178158  0.3679421111  0.2247930827  0.3405174026  0.006395396798  0.1441160809  0.1343119912  0.3088972987  0.3000636373  0.2233447829  0.2105232547  0.2098051464  0.2748662091  
0.2607970342  -0.2411246398  -0.3632091961  -0.2309599157  -0.2564911066  0.01092600131  -0.1132442154  -0.1497417411  -0.676804665  -0.1309883556  -0.2527588471  -0.008216671714  -0.04001196941  -0.02769368866  -0.3199239009  -0.02470473606  -0.1727877654  
-0.2721264924  -0.2895534456  -0.5473347509  -0.3902251337  -0.4602611207  -0.243348056  -0.3500912867  -0.03848174525  -0.5864567359  0.1047777741  -0.2634130671  -0.1178672072  0.2458076724  -0.09278322093  -0.04321045053  0.01055151851  0.2980930931  
0.3841582039  0.1542709359  -0.2629679035  -0.1509785239  -0.08772117085  0.07721808115  0.03890556278  0.08946954705  -0.483467171  0.1704697044  -0.02818950467  0.1560963435  0.2748945519  0.09403633482  -0.05607753328  0.05149379176  0.2024983758  
0.1350474437  -0.008087100939  -0.4099467512  -0.3919962317  -0.3648093798  0.02932175888  -0.1520070739  -0.0002086861763  -0.5892135882  0.1453680066  -0.1355555211  0.1723061529  0.07888847422  -0.002728486424  -0.1142140638  0.1704915026  -0.07414046163  
0.3149518095  -0.149344505  -0.4757589194  -0.3052853739  -0.3193526446  0.0437326936  -0.1487359015  0.03074786409  -0.8112600363  0.03211346702  -0.3159216228  0.3003717171  0.4524687814  0.2774219383  -0.1129996427  0.2455933482  0.4256375198  
0.07135197989  -0.4231578  -0.7018711828  -0.6551975142  -0.5292298321  -0.313142436  -0.6163775058  -0.4042371057  -0.9313716071  -0.3141212809  -0.7999514273  -0.3903257492  -0.2900854144  -0.5761858  -0.6378309128  -0.5773237817  -0.5374774203  
-0.1881006269  -0.214030806  -0.2067966089  0.06357872323  -0.4329439101  -0.3217034999  -0.3099701836  -0.09406058849  -0.8816284786  -0.1228989923  -0.5214995833  -0.05925814934  -0.05690983956  -0.06972978768  -0.4574714997  -0.03504714579  0.3827053129  
0.1745468502  -0.07536887874  -0.4507838503  -0.1977294245  -0.3509025192  -0.01542292126  -0.163604875  -0.04762779898  -0.6346331635  -0.0189558924  -0.3014924765  0.08716693828  -0.04843696105  0.07029674579  -0.1595010424  0.09130370688  0.1312416206  
0.1493896428  -0.1500051349  -0.4639975043  -0.2414330187  -0.2634511221  0.1732670779  0.06876824613  0.1363131831  -0.5974620411  0.4592224364  -0.03051544535  0.4276695335  0.5820531211  0.3840663884  0.06032995294  0.347336905  0.7996056724  
-0.002513609406  -0.2381166251  -0.4817408493  -0.342652798  -0.3319640653  -0.2489178658  -0.4662069191  -0.2208004892  -0.6128545596  -0.1503825728  -0.3898559045  -0.1831008227  -0.07333159031  -0.2180759767  -0.2117376165  -0.1104935941  0.099283782  
0.1651823735  0.1382450952  -0.2122515103  -0.0969280276  -0.320372384  -0.09756865649  -0.1212153693  0.2106612512  -0.657300299  0.264675897  -0.1312728599  0.2222059115  0.3548452674  0.2055222884  -0.176412563  0.08158653935  0.518145901  
0.08127934858  0.1476216308  -0.2636083212  -0.1117369223  -0.04074244505  0.3763872317  0.2088624129  0.3738955455  -0.4916826182  0.4260541902  0.03568416183  0.5059126635  0.6232614834  0.8386263963  0.08639613435  0.5568635443  0.9842943602  
0.03593227436  0.03055308247  -0.478449219  -0.3494047335  -0.3489396605  0.03049058071  -0.2375938425  0.1331542229  -0.6536807958  0.03094186212  -0.2229568361  -0.2388151483  0.004334226133  -0.1187492949  -0.100627296  -0.1322367291  0.002685497436  
-0.3416787926  -0.4847880539  -0.4811552273  -0.5164544614  -0.6965254059  -1.137280025  -0.836801731  -0.4580695698  -0.6790960708  -0.8643388855  -0.7892655036  -1.078074447  -0.7355748523  -0.8657731742  -0.5891824108  -0.6430007204  -0.6727623019  
-0.2312554382  -0.450185345  0.228392508  0.04707921647  0.1135801418  0.3685465061  0.3181344421  0.1095922517  -0.09664452789  0.0145722759  -0.3053176645  0.2089939009  0.2366669366  0.08994673289  -0.02840162892  0.1157742811  0.2189011366  
0.2244322832  -0.0006482080284  -0.3072386315  -0.1756562403  -0.07812089228  0.1106439268  -0.1077799594  0.07386363698  -0.5550043114  0.2480358064  -0.1540822397  0.2900282007  0.3986965506  0.2480761847  0.08984913845  0.1685783024  0.5172509356  
-0.07841418476  -0.3863734899  -0.5431009706  -0.5590427964  -0.4712523789  -0.1046818049  -0.4736054492  -0.2307963352  -0.771735955  -0.03171324647  -0.5451215876  -0.1073021701  0.08664704786  -0.08344397176  -0.3817560117  -0.100640267  -0.02929739117  
0.02859352637  -0.1598453264  -0.5726064176  -0.3859810198  -0.3632609221  0.01096544712  -0.1726474015  -0.04596598581  -0.7132303435  0.2627139093  -0.2609603435  0.1068967432  0.2270955399  0.2287575744  0.1056224655  0.01884536031  0.3791492585  
-0.02234400406  -0.08223607968  -0.5402842774  -0.5274785027  -0.4443453571  -0.134872434  -0.3443154827  -0.4235754004  -1.056803755  -0.3314503716  -0.6868778499  -0.4301348711  -0.3222767843  -0.511633206  -0.5827209384  -0.5818020016  -0.6563383254  
0.2362012198  0.234076409  0.1199275905  0.1526965473  0.08839953182  0.4017129739  0.0461398341  0.2113517709  -0.1205387813  0.1389214106  -0.0405218219  0.2217091428  0.2280246318  0.1005157878  0.05782140981  0.02005690148  -0.08954372316  
0.0444846029  0.02166777157  -0.4176704643  -0.233215989  -0.08761829364  0.2729412274  -0.01528069441  0.02510606038  -0.3141830297  0.1158911871  -0.2428390539  0.3598848711  0.3709239289  0.1005249763  -0.04085629352  0.1005520513  0.3138572593  
0.3082568858  0.7585617895  0.9110618492  0.8510813153  1.022158016  1.219705762  1.102260108  0.7219000235  1.324225773  1.044253173  1.161406362  0.8810735923  0.9045862357  1.215596461  1.253874628  1.076358124  1.070507061  
-0.07877039933  -0.2212967386  -0.6010350483  -0.4176437654  -0.4698972289  -0.1444645972  -0.1718266794  -0.05736262535  -0.6989019607  -0.01903657486  -0.2354062566  0.04668243101  0.09321129755  0.01572345221  -0.3457354922  -0.1091058821  0.3333931155  
0.003129445377  -0.007510931388  -0.3671580946  -0.1974334479  -0.2903418397  0.06104633608  0.004793471756  0.0941302008  -0.4052782213  0.2697228793  -0.02992121439  0.1568738944  0.1865150187  0.2378847124  -0.01104549242  0.1840135619  0.353722785  
-0.02009697408  -0.3007457358  -0.432030872  -0.3015160371  -0.3307782569  0.01673412786  -0.2916365721  -0.04180051364  -0.5544797876  0.2003584037  -0.203744299  0.1917495546  0.2352413129  0.1814380854  -0.02643396184  0.2255298895  0.6570907315  
-0.01037177323  -0.1526038502  -0.6377902319  -0.4973550722  -0.546323423  -0.5361946118  -0.5758797892  -0.3242408135  -0.9509493281  -0.2838001578  -0.6288002456  -0.3146996785  -0.2767389045  -0.219252481  -0.4806507977  -0.2861871318  -0.2871753225  
0.1038393589  -0.05371055353  -0.4726267532  -0.4187563722  -0.4531821585  0.05060256263  -0.330656738  -0.04402398714  -0.7433755145  0.0370130974  -0.3405893031  0.1713924765  0.2273589616  -0.06046640352  -0.1651690971  -0.1753374155  0.3663956019  
-0.2973100331  -0.3184672618  -0.7890189012  -0.5285277217  -0.4658526637  0.05843779597  -0.257500815  -0.1512594937  -0.9745050335  -0.06957599579  -0.5008598656  0.136293773  0.04070785186  0.07513810022  -0.3973564993  -0.159911862  0.2678407457  
0.06693869767  0.03273648287  -0.2065631987  -0.1144620798  -0.4067596436  -0.5093050718  -0.3546570727  -0.2685557539  -0.8145309481  -0.2314033716  -0.5929245779  -0.2802234179  -0.3094049873  -0.5004751209  -0.628869564  -0.7764266701  -0.2890269089  
-0.1199689204  -0.09514548733  -0.6039102783  -0.516914037  -0.5212201669  -0.3841589413  -0.2984976759  -0.3033507624  -0.8715679718  -0.2600356018  -0.3550704869  -0.1950064109  -0.2715089658  -0.1934962758  -0.2331462211  -0.2487174601  -0.232796439  
0.2488686896  -0.07662268283  -0.3820369765  -0.2182220825  -0.07516082093  0.1811968651  0.09725238291  0.2042587445  -0.5310779036  0.1558375834  -0.2326791444  0.3437053401  0.4736579169  0.2584257067  0.05857656289  0.2669262196  0.563141309  
-0.5538989229  -0.4117454069  -0.6557588401  -0.489005873  -0.5729300971  -0.1334689511  -0.3482648156  -0.3498463495  -0.7918173075  0.0001193205763  -0.5225746749  -0.09910036111  -0.04070699969  -0.1472568064  -0.2716645567  -0.2416805229  0.06230615552  
-0.1255299841  -0.3296700214  -0.4318937712  -0.2813868584  -0.3668967129  -0.1446721666  -0.4018142042  -0.1646151226  -0.5719800378  -0.1490950129  -0.4105419857  -0.04085920479  -0.07387584674  -0.3078174088  -0.1443288377  -0.1548956424  0.08758544352  
0.06200626787  0.01381605593  -0.3448790943  -0.3007440027  -0.004245065082  0.2466127204  -0.07751140247  0.1447233571  -0.3249827373  0.197997245  -0.1065815436  0.1986616495  0.3197889321  0.1019088897  -0.08727975711  0.008096771939  0.3933134887  
0.383867239  0.1888519557  -0.2217512616  -0.1261169632  -0.1510232827  0.08124181372  -0.1547740759  0.1987929831  -0.4608889029  0.153520408  -0.2088685394  0.3573161002  0.3169737607  0.1836562064  0.0171725481  0.3572391533  0.5208348935  
-0.5625623689  -0.3336275162  -0.5832995089  -0.38259172  -0.271559842  0.180466625  0.084621854  -0.05134766742  -0.4538710875  0.3085165215  -0.195356605  0.2481934644  0.2443910109  0.347647864  -0.1565374584  0.3594099098  0.2057514528  
0.1345828854  -0.09403897921  -0.4511535415  -0.3034870879  -0.2547335933  0.03664959929  -0.2571111306  -0.004894204528  -0.690227557  0.02017709503  -0.450736204  0.1849174245  0.3306415628  0.2604980082  -0.01020819326  0.04259297339  0.2804775453  
0.1959401477  -0.1393012121  -0.4953342114  -0.3299979976  -0.2007128518  0.1549267556  -0.1824249246  -0.03444205881  -0.6312803617  0.07689072648  -0.3975659087  0.03102343403  -0.02316400602  0.01722020039  -0.1557365423  -0.00264401114  0.06319889937  
-0.3297308653  -0.2706679098  -0.6876665583  -0.4893004368  -0.4355481405  -0.3179447998  -0.4360970277  -0.2308496491  -0.6050501747  -0.1972512123  -0.4797437848  -0.2648309151  -0.1343118147  -0.16435951  -0.2390505313  -0.04205823898  -0.01567633908  
0.04950680316  -0.1035086075  -0.4990772294  -0.3476522452  -0.2196350974  0.05639000445  -0.2872613226  -0.04379542603  -0.5866610454  0.1664876082  -0.2586491178  -0.01161440719  0.1726191595  0.2003215655  0.01215578135  0.1051537752  0.2879417356  
-0.1373534555  -0.1650268486  -0.59834094  -0.5262537269  -0.398031051  -0.2255658139  -0.3943734986  -0.04725194969  -0.6208020678  -0.08432501782  -0.5364305348  -0.02227249807  0.1982664381  -0.03807087891  -0.0613473188  -0.1473803162  0.4017564503  
0.07848142568  -0.06676092642  -0.4002662619  -0.3157320687  -0.2266215116  -0.06867232316  -0.1243491372  0.0840490125  -0.57858523  0.1629687332  -0.1745352758  -0.002291297735  0.1063172426  0.1869128395  0.04007073935  0.2161277448  0.1826279363  
-0.07982595224  -0.2069000008  -0.6529862167  -0.5557502589  -0.504492889  -0.2199703129  -0.3126976999  -0.3260258732  -0.9202534953  -0.1778567793  -0.6091369788  -0.0424257199  -0.01866953309  -0.1277997197  -0.4754074872  -0.4433893049  0.001678863492  
-0.07921290983  -0.2585635709  -0.3746597869  -0.3021082877  -0.2543710737  -0.06594479058  -0.2495425301  -0.1217689391  -0.5527460333  -0.03282246052  -0.5370491957  -0.04064382837  -0.1513356259  -0.1725845231  -0.213905176  -0.2702880797  -0.1648319283  
-0.1743435237  -0.3302224177  -0.6265614275  -0.2923020294  -0.4259003003  0.0507669799  -0.06496751885  -0.2115855297  -0.7326457557  -0.0004356268553  -0.2684073101  0.1294952981  0.1144160214  0.3368353921  -0.311774189  0.116735347  0.2514920555  
-0.3602073028  -0.4377174354  -0.648166792  -0.5178463457  -0.624050946  -0.5334645291  -0.6409039518  -0.4323618662  -0.7182962706  -0.4073987776  -0.5918385723  -0.4808883248  -0.332792289  -0.3648094698  -0.5592626316  -0.326896902  -0.0919822366  
-0.17155075  0.07979420158  0.1266296044  0.05883522339  0.1550448095  0.2562259088  0.06973853576  0.3540825294  0.4124521864  0.2384202419  0.08647133156  0.4218530038  0.5966773744  0.4405643791  0.1347959629  0.256825102  0.574905629  
0.2818492923  -0.07155052384  -0.2664216622  -0.0795262935  -0.247511378  0.06068480367  -0.1000297547  0.0328725922  -0.4361274145  0.1592246885  -0.1914836649  0.3862357809  0.2519563444  0.3075794311  0.1767446112  0.3036936742  0.4142319856  
0.01761907904  -0.1418707585  -0.5131949365  -0.4510157104  -0.4359828859  -0.2586745409  -0.3650946136  -0.1269208242  -0.591019845  -0.1135282102  -0.3342598416  -0.1440856534  -0.01249866628  -0.09840028531  -0.08808973355  -0.25821063  0.1764409724  
-0.7243588682  -0.7653786028  -0.8897333346  -0.8954994401  -0.8621009467  -0.9077591254  -0.9208549573  -0.9366481248  -0.9264169398  -0.9038009028  -0.9311252853  -0.9472267995  -0.9444877442  -0.9243418324  -0.9528442686  -0.9456207595  -0.9551532269  
0.04580688618  0.00647829895  -0.06865934034  0.02797973621  -0.005307172805  -0.07229797622  0.1826543128  0.04383709205  -0.02369700145  0.07327019905  -0.01393203224  0.1056177239  -0.01718421736  0.01703404278  -0.4023375854  -0.08644228956  0.233005875  
0.3998686664  0.2485331419  -0.3102736812  -0.09610642928  0.009164255717  0.1272064228  0.07624453607  0.3109391615  -0.494093826  0.2907682407  -0.2170174441  0.2259089253  0.3267522908  0.1508543414  0.1085194477  0.2483232085  0.2063095891  
-0.3679772424  -0.5980449237  -0.4188425706  -0.3892281351  -0.4429008081  0.0291368273  -0.05049960832  0.01869991889  -0.6068762439  -0.01324355535  -0.03147224182  0.01083973548  0.1468934069  0.02936800266  -0.4010360439  -0.1207005458  -0.1064094364  
0.009998496126  -0.03137555349  -0.1622310131  -0.08767723432  -0.06889787002  0.1956219409  0.08169483199  0.209786257  -0.4021009979  0.05117719263  -0.1007125477  0.1770545788  0.07852063753  0.06633768455  -0.05690956061  -0.03239733348  -0.3234849377  
-0.004842443902  -0.05363744427  -0.3984173628  -0.2385139803  -0.4177150434  -0.1928609496  -0.4321045534  -0.2698293514  -0.7613490283  -0.09965994493  -0.579315489  0.00949962772  0.08692889789  -0.1149746838  -0.3364264862  -0.2860301261  0.4061424464  
-0.09303835407  -0.3415649371  -0.3299984882  -0.1942198542  -0.1922006566  -0.0853915284  -0.1998014043  -0.1980148057  -0.5759224192  0.05917083909  -0.358117722  0.03496712473  0.1601456667  -0.1613449607  -0.1312126453  -0.2466776138  0.3653468383  
-0.09529501943  -0.486415116  -0.8087915033  -0.7742950971  -0.6652901081  -0.5226113277  -0.5717775625  -0.4771847017  -0.9948059301  -0.2947420401  -0.6015336216  -0.2509570671  -0.07183634781  -0.1318272083  -0.3786215885  -0.4396858611  0.05598602755  
0.07516534146  0.01615557622  -0.2951418834  -0.2169829249  -0.131476419  0.2733186184  0.007940713239  0.2359758661  -0.5302296006  0.0583917928  -0.1029143801  0.3682248773  0.3778058472  0.1645145437  -0.03032691419  0.1741303859  0.4782982428  
-0.1014193403  -0.2448367486  -0.6894616269  -0.6752109574  -0.645844856  -0.3626551159  -0.6536612495  -0.5837748639  -1.069241971  -0.377873977  -0.656538015  -0.3536923229  -0.3022948861  -0.5134967968  -0.6232350494  -0.4955100611  -0.3361467197  
0.4111998504  0.1115519104  -0.2254572487  -0.1280054114  -0.1665159533  -0.09995826855  -0.1805065737  0.05132215364  -0.5741563537  0.164822476  -0.2905168113  0.2529630021  0.2402644232  0.21151507  -0.306170655  0.09753158387  0.2965762777  
0.01843165029  0.01522057039  -0.3248612697  -0.2802280188  -0.1774365694  0.3613731281  0.03203807318  0.4106245243  -0.4528292968  0.4025949936  0.003774701288  0.3418070568  0.5514719932  0.3363595673  0.179801006  0.3357081779  0.2609021993  
-0.2846656077  -0.3387473994  -0.6863579692  -0.3849019157  -0.5292352487  -0.2753997261  -0.3448950055  -0.342401962  -0.838107486  -0.09624418962  -0.4491245348  -0.2578736501  -0.03707102037  -0.07716160119  -0.4375041005  -0.1814219971  0.138924707  
0.2064725611  -0.1056623514  -0.02197139221  0.3620328258  -0.117345019  0.215286235  0.3122217315  -0.1448352665  -0.4867317648  0.03882213562  0.171918796  0.1617951692  0.003298244132  0.2121318099  -0.04077508206  0.2898216753  0.1137147868  
0.1546220983  -0.1376442732  -0.2454164166  -0.2363646547  -0.3087852069  -0.2051113622  -0.2212066557  -0.2669960242  -0.6180782877  -0.1544807308  -0.2414577787  -0.1969065141  -0.16823557  -0.03852082733  -0.1975030389  -0.2553315214  0.02468078478  
-0.4270619922  -0.5626105612  -0.8768759874  -0.8319709414  -0.8339739782  -0.5630899632  -0.8508482766  -0.6249037763  -1.120927207  -0.3893578066  -0.9799330304  -0.4823296928  -0.3416696382  -0.4907721807  -0.6072178412  -0.6442135552  -0.3558893693  
-0.3694951513  -0.2713266128  -0.7384211163  -0.6447659346  -0.5673006425  -0.7293108226  -0.5809240822  -0.122630208  -0.8778118224  -0.4064446333  -0.396412438  -0.4352870851  -0.1500558549  -0.2953158313  -0.2237808427  -0.2513442916  -0.3326413413  
-0.4607199715  -0.3883223511  -0.8689686212  -0.6744368947  -0.438407505  -0.3113293073  -0.3909733988  -0.3172969139  -0.5658947959  -0.1741313268  -0.361407013  -0.2715750689  -0.2730149313  -0.417558442  -0.4730117563  -0.3670618019  -0.3672370145  
0.1660394963  -0.164846054  -0.5912568002  -0.3837365198  -0.3359742957  -0.04473720057  -0.3793116211  -0.1282274502  -0.780335399  0.02340279902  -0.3657864403  -0.07618449077  -0.01954755  0.004089371108  -0.1630495683  -0.1237445271  0.1187045177  
0.2433420826  0.3942867861  -0.3828648655  -0.1211465647  -0.1447751746  -0.1154089741  -0.1273470972  0.2182244488  -0.5103770846  0.2141621759  -0.2881614207  0.3150396845  0.3372965234  0.1943778728  0.1816779862  0.1175092501  0.6527730874  
-0.1355120105  -0.2678481266  -0.5119074596  -0.490913983  -0.3893414011  0.1352187014  -0.1479322076  -0.03823076184  -0.6786358071  0.1099503877  -0.1954081195  0.2176416363  0.3561666074  0.08578758708  0.09889414255  0.01183942973  0.6683797294  
-0.02484254386  -0.008262111748  0.3941303075  0.3856016745  0.01731602263  0.4241694127  0.06689046452  0.01524019398  0.04535312268  0.1243944046  -0.01805641223  0.0643558656  0.0681771055  0.09142811848  -0.01348891113  0.2130515838  0.3764848076  
0.1668122508  -0.001655460657  -0.3518656616  -0.2215153408  -0.3363156812  0.2354200037  -0.1134856279  0.003574632191  -0.6437229189  0.2360115658  -0.2941326733  0.06536623533  0.1490340926  0.07298569662  -0.1552112571  -0.1140837735  0.2860570589  
