-0.1291290244  -0.4458039846  -0.6953821331  -0.4675558811  -0.5853306417  -0.3478347788  -0.4356972899  -0.2764522145  -0.7870301384  -0.3388514908  -0.5412113378  -0.1523655795  -0.05168256252  -0.03895748841  -0.3470184673  -0.160462261  0.07204588908  
-0.3709168323  -0.3049661227  -0.536411641  -0.5950005663  -0.5055218422  -0.5438217404  -0.5096322518  -0.4307529158  -0.6010784043  -0.4642064684  -0.4989524343  -0.41645719  -0.2191568053  -0.3055989253  -0.2983312033  -0.3415918455  -0.05155248367  
0.2493455835  -0.2312161837  -0.5607616903  -0.4938373556  -0.4512324922  -0.1882156823  -0.4005576592  -0.3144001924  -0.7996345147  -0.1419327159  -0.4401870734  -0.08925363261  -0.1224101263  -0.2269398316  -0.390212785  -0.1732590943  -0.07228711489  
-0.05442824647  -0.223685428  -0.4329593146  -0.3513159539  -0.3860292955  -0.1286145616  -0.3994868818  -0.2271706837  -0.4850060333  0.03855392824  -0.2388752855  -0.05905665052  0.08987407976  -0.1867276379  -0.5166283027  -0.2106001747  0.05024279271  
-0.2414269354  -0.3561491014  -0.6083213451  -0.3483458421  -0.5339846141  -0.2915283425  -0.4175577337  -0.2402815724  -0.8538555662  -0.09868741957  -0.5496612137  -0.0145052967  0.1155829823  -0.1071234453  -0.3146929807  -0.1553637439  0.1595872833  
-0.4206402682  -0.456772031  -0.6696476679  -0.5089532838  -0.5660740868  -0.3854114205  -0.4556947078  -0.347892517  -0.824977247  -0.2865303833  -0.4249292731  -0.2393665328  -0.01912048053  -0.156891888  -0.3977518729  -0.1152633618  0.1596553618  
-0.2049230633  -0.399234256  -0.5994316105  -0.4905360507  -0.5284950324  -0.007705711732  -0.336840838  -0.03464500502  -0.7815076175  -0.001836614846  -0.4524530277  0.1360889146  0.160452845  0.01323548089  -0.1607931699  -0.09088065145  0.1979039038  
0.1515519612  0.05680432444  -0.5240615992  -0.3284841433  -0.3364551252  -0.3036542941  -0.4159386691  -0.005587354136  -0.6782620906  0.1098269866  -0.1778773045  0.01915621562  0.187342838  -0.2011350765  -0.3093903715  0.01226047885  0.1122939814  
-0.1317149716  -0.2120287592  -0.5968078415  -0.4546643514  -0.5271201758  -0.3661585399  -0.4004066719  -0.06997033238  -0.6835949115  -0.06587056613  -0.3332426612  -0.06691558834  0.2692511973  -0.1179122086  -0.2259551873  -0.1205575198  0.1572687941  
-0.5000695051  -0.4736010367  -0.6285118723  -0.6012654815  -0.6267096157  -0.547226533  -0.6002837924  -0.5151774922  -0.7653017778  -0.4265145469  -0.6546497078  -0.3841154257  -0.2276960404  -0.3363168719  -0.4721000195  -0.4043597622  -0.2037348948  
0.2914928352  -0.2359827607  -0.3380164251  -0.3828397981  -0.3159932768  0.2745354709  -0.3406153906  -0.251077882  -0.7387779335  0.04002433299  -0.5752041357  0.002171027309  -0.03664145288  -0.1793674566  -0.2568909611  0.003835861695  0.01704155827  
-0.1136184316  -0.4242669614  -0.5956637409  -0.5515047069  -0.4719601009  -0.3369152005  -0.5268769426  -0.53651732  -0.7451807121  -0.3985803959  -0.5091831315  -0.2481602645  -0.2669927915  -0.3358675637  -0.4771775467  -0.2178265058  -0.2630818694  
0.007396067568  -0.2795581285  -0.3465986909  -0.2306823681  -0.3115653677  -0.2110647262  -0.2098804392  -0.02155537175  -0.3801976168  0.08862876662  -0.2670746102  -0.2063106188  -0.0232077747  -0.1706731449  -0.2304384106  -0.1565350429  -0.2872994922  
-0.2466295014  -0.3942397583  -0.737640129  -0.6904869828  -0.6590971321  -0.08205981793  -0.4057586543  -0.1326309033  -0.8358885833  -0.1233473107  -0.5176423685  -0.03641794263  0.02282766884  -0.1179964065  -0.354873013  -0.06560247033  0.001559409738  
0.09022989325  0.02842617293  -0.2468502635  -0.3963298576  -0.1258805384  0.1334744638  -0.3557411296  -0.05494201162  -0.1703883355  0.09952287849  -0.1717289176  -0.08187074756  -0.01040245899  0.1569440375  0.2337865152  0.2123648368  -0.01539888497  
-0.03669472477  -0.240869977  -0.5855378288  -0.6152902085  -0.5672901775  -0.5170559459  -0.5956748682  -0.4541752014  -0.8801038182  -0.3402664305  -0.4913756573  -0.3354268957  -0.2427680867  -0.4180881945  -0.5519389768  -0.3222108241  -0.1518482294  
0.3147737592  0.1105113856  -0.07480041353  0.0579415623  -0.06238825085  -0.3432453706  -0.336189379  -0.3952095947  -0.1571260693  -0.278191283  -0.2652137064  -0.3066443162  -0.2730505197  -0.1538354769  -0.1896095297  -0.07396800017  -0.1435075634  
0.04882133551  -0.1119886802  -0.4835557053  -0.5415122974  -0.3186663978  -0.4053118095  -0.662574062  -0.3837811305  -0.6311619569  -0.2581472913  -0.4643887083  -0.4077765522  -0.3530309737  -0.3325024764  -0.3387606214  -0.1298909509  -0.1899201814  
-0.3661094387  -0.2867161822  -0.4945371737  -0.5214930589  -0.5306907207  -0.7962748248  -0.7514271861  -0.6713191873  -0.7161075706  -0.6418643661  -0.7290400374  -0.6713645079  -0.5723961522  -0.6330325468  -0.7583135483  -0.8299319869  -0.5302559098  
-0.04137756492  -0.177134701  -0.3841678926  -0.3974479276  -0.3594947832  -0.1354263042  -0.3609997293  -0.1556102083  -0.4935422689  -0.1711869827  -0.3219069029  -0.3685846905  -0.1615529274  -0.3215749689  -0.1114820065  -0.1240198477  -0.1496925842  
-0.3396679407  -0.4040911725  -0.6910536331  -0.5612471533  -0.6116156524  -0.4458166092  -0.4462708502  -0.3977156561  -0.7158022442  -0.40639698  -0.570977516  -0.3599142227  -0.2398635143  -0.3122310322  -0.5328976781  -0.3581372033  -0.2238321033  
-0.3901251592  -0.288525919  -0.609261513  -0.6307834996  -0.5322716916  -0.5312073987  -0.5832681962  -0.4582363099  -0.6337207147  -0.4220475988  -0.4837726418  -0.5188467598  -0.35598012  -0.2684264759  -0.3952839542  -0.4105812948  -0.2390732667  
-0.07299427021  -0.2437761402  -0.6807781551  -0.5007369252  -0.6396140636  -0.3173851873  -0.4315031367  -0.367303575  -0.9021699372  -0.2613119089  -0.59271237  -0.2240287192  -0.2341950246  -0.3748333228  -0.4630635395  -0.355055202  -0.147388654  
-0.2816344552  -0.4555575868  -0.6304298079  -0.5565779683  -0.6047370076  -0.5478074726  -0.4719008078  -0.06104411644  -0.7312999756  -0.2406776149  -0.447913894  -0.2301190927  0.1416558473  -0.2057976066  -0.2182927968  -0.2813559908  -0.2151177552  
-0.5608410925  -0.5398384326  -0.7046694659  -0.6438568773  -0.6883613652  -0.6083637857  -0.5832324407  -0.4241697919  -0.8218662197  -0.4360518499  -0.5679235215  -0.3448935821  -0.1015698067  -0.3349831019  -0.4995479387  -0.4055686067  -0.00673190113  
-0.3419600107  -0.2471396594  -0.6195558355  -0.5970906606  -0.4936386757  -0.5537101831  -0.5453697555  -0.402438918  -0.5995521989  -0.3463272094  -0.5536042771  -0.4510252701  -0.3064767037  -0.42195126  -0.5520194999  -0.4152976792  -0.24591984  
-0.3873555411  -0.4857818791  -0.7217189195  -0.7018424016  -0.7745738788  -0.6402279336  -0.6886154247  -0.4674072324  -0.9148957848  -0.4671570765  -0.7597764399  -0.4929649698  -0.2993843119  -0.5384581617  -0.5609176446  -0.527383641  -0.2139086185  
0.1851849675  0.04295905239  -0.4449047339  -0.4452838126  -0.3584195213  -0.285140387  -0.4356474236  -0.03121884426  -0.6176576621  -0.04535620571  -0.3311981043  -0.002243852187  0.255827371  -0.04679865343  -0.1530778304  -0.04077459386  0.2201464104  
-0.3874422459  -0.2917301269  -0.504540954  -0.5791844002  -0.5774546826  -0.6407601834  -0.6710973949  -0.5199072175  -0.7557587816  -0.5642318305  -0.7148163839  -0.6045078361  -0.4188687663  -0.4995318409  -0.5810534327  -0.5406145615  -0.3193999384  
-0.3122102091  -0.4420395925  -0.595236379  -0.6492561378  -0.5654882851  -0.4078615905  -0.5692002157  -0.4815945778  -0.8091492697  -0.3533430337  -0.5803539726  -0.3291190137  -0.1937156474  -0.2344940932  -0.4749302245  -0.3753476663  -0.1950763937  
0.1076181434  -0.06539160583  -0.5755622574  -0.4519738736  -0.4585831746  -0.2132782633  -0.364626629  -0.206780238  -0.8287824807  -0.1437009422  -0.4073820602  -0.07865950623  0.09769906922  -0.2359044354  -0.2894790463  -0.1673998203  0.09467609739  
0.07486950213  0.004294276452  -0.3475979186  -0.2437697663  -0.1869620842  0.1158566767  -0.09259899212  0.2365617558  -0.2906618634  0.1262351394  -0.03742933597  0.04692706243  0.2986046772  0.1128580918  0.004590094718  0.1534487167  0.1771070722  
-0.2961526811  -0.4844415888  -0.5975081657  -0.5295931936  -0.5251061442  -0.3980828277  -0.4978538844  -0.319538194  -0.7408873903  -0.367899749  -0.6776614348  -0.3888620331  -0.1964034438  -0.3459193993  -0.4831306972  -0.3752950244  -0.2435516477  
-0.2432602565  -0.4207350894  -0.676073916  -0.5384420018  -0.582676261  -0.36385454  -0.4378154586  -0.395492202  -0.7483619023  -0.2730609508  -0.6039509459  -0.1588222043  -0.2401908065  -0.4186433184  -0.5606027981  -0.4719265864  -0.1946982864  
-0.4509824819  -0.4239870518  -0.6484277188  -0.6637291608  -0.5789025944  -0.6332973787  -0.6362376793  -0.4439164071  -0.6563671173  -0.5204112694  -0.5569401104  -0.492827989  -0.2831314413  -0.2627619111  -0.3285083061  -0.3345354075  -0.1334106775  
0.3407996397  0.08831553914  -0.1948197202  -0.04552055592  -0.1410211262  0.0372226808  0.008273310951  0.1117443544  -0.5255236866  0.2576738212  -0.1201272681  0.2637880955  0.3263287049  0.2897533037  -0.06075179313  0.08403968558  0.6286291548  
-0.1896420134  -0.0612260846  -0.5237756289  -0.4837481141  -0.3540301204  -0.128107503  -0.3568730373  -0.1343470325  -0.5874081432  -0.08685548049  -0.3606852242  -0.02225283132  -0.03964455663  0.06768431147  -0.148573948  0.0650104439  0.2587301329  
-0.0149346514  -0.2394524321  -0.6205370734  -0.5477907012  -0.5778797347  -0.3635148796  -0.4989654118  -0.381897896  -0.9755095212  -0.09281369768  -0.6394362145  -0.1096577027  0.1390871085  -0.09717984865  -0.4330531904  -0.1136183756  0.2842979579  
-0.05212174691  -0.1818217593  -0.4585970206  -0.3785791034  -0.4256098193  0.02240951088  -0.1844227158  -0.03199922223  -0.5995413855  0.0969231692  -0.1869848811  -0.07926210459  0.03661280675  -0.1228788491  -0.09343696423  -0.1813797681  0.05891470284  
-0.04817993536  -0.1351934585  -0.4505215253  -0.3339750498  -0.1581379516  -0.1317476845  -0.1617824935  0.08358844146  -0.2521665339  0.1698960725  -0.1283095637  -0.004421754428  0.248693166  0.2416370399  0.139365938  0.07843766557  0.5358593855  
-0.0443181598  -0.2721882963  -0.5248735722  -0.4159226489  -0.4520031037  -0.5528695784  -0.6512923286  -0.5785675683  -0.879280838  -0.3855177674  -0.6134169133  -0.4242711532  -0.3330455452  -0.4214368691  -0.390597968  -0.4680219865  -0.3810415857  
-0.3566240153  -0.4004203167  -0.6521648516  -0.4874794488  -0.5740400479  -0.3143914136  -0.4030241549  -0.3356001021  -0.6990308855  -0.2721467451  -0.495205505  -0.1627633154  -0.06227072616  -0.2570222769  -0.3706057504  -0.2766950853  -0.09592583644  
0.2004304388  -0.2656504575  -0.2522549813  -0.1652831037  -0.1895762139  0.0927541961  -0.329083184  -0.1110878173  -0.3418269329  0.09207903779  -0.3808800873  0.02243325462  0.2128113718  -0.2624530084  0.05096583187  0.0311367858  0.1723730251  
0.4596266356  -0.08474282782  -0.5052795331  -0.3690050601  -0.3613167406  0.2478136567  -0.366636172  0.05112801505  -0.6557749754  0.07331027778  -0.3142287467  0.1721979606  0.3058731979  0.1974363718  -0.2421428745  0.1328012418  0.2516613682  
0.1807914383  -0.3202534949  -0.7696464321  -0.5490577313  -0.4138430169  -0.2638570252  -0.4480663219  -0.3868700586  -0.8470662199  -0.2518563016  -0.5666473867  -0.317165907  -0.1924715517  -0.4014482087  -0.3411539369  -0.2519602504  -0.1490191583  
0.02929524873  -0.3693933652  -0.4327079377  -0.3089420663  -0.3428653202  -0.07837007237  -0.3275761189  -0.2185834187  -0.7487525333  -0.04434595722  -0.2642031227  -0.04581298472  0.05173319262  -0.1283560515  0.01873722743  -0.05671598569  0.03105221996  
-0.5259981975  -0.3795006647  -0.621342113  -0.6061720164  -0.6543217039  -0.6060212227  -0.5605830215  -0.4031291362  -0.6448173295  -0.464506399  -0.4327652431  -0.3942883272  -0.1491495305  -0.2338542147  -0.5065317232  -0.2463702813  -0.09773646966  
0.2102301729  0.002836438753  -0.3172861304  -0.4629722454  -0.162500301  0.1100877909  -0.2898424262  -0.1382257094  -0.5808365923  0.08083731367  -0.2939771234  -0.005519636275  0.07798143973  -0.07962275928  -0.2010235715  0.07049034577  -0.09822713747  
-0.3220825807  -0.4157608748  -0.5397075879  -0.5354133783  -0.5254889471  -0.5423416288  -0.450135504  -0.4533598032  -0.5755779695  -0.3142521492  -0.4607059088  -0.3881171827  -0.1658580342  -0.2902965844  -0.4085109166  -0.4090443949  -0.1908602324  
0.07679982324  -0.2127205449  -0.5872469414  -0.4670251524  -0.4932306073  -0.3120496511  -0.3722570044  -0.2130638026  -0.7919112695  -0.2080103921  -0.2832400177  -0.1488206832  -0.01183536585  -0.09060857885  -0.3163624495  -0.08030284042  0.1853887255  
-0.2914796385  -0.2692540141  -0.5921961026  -0.5951919752  -0.4550366221  -0.4064321477  -0.5079798838  -0.4095206839  -0.7812435717  -0.3114035698  -0.5543642961  -0.2742064344  -0.1269624144  -0.3379910558  -0.5189416434  -0.3743887122  -0.1300323522  
-0.3561225896  -0.4949134078  -0.5450217877  -0.3656163071  -0.5361557233  -0.3789437147  -0.5031114866  -0.3495014655  -0.7452241376  -0.1877108773  -0.511161112  -0.3473468279  -0.1729691529  -0.2711254473  -0.4365261269  -0.2669964755  -0.1496358529  
-0.2665202713  -0.398955554  -0.6947386414  -0.4609023225  -0.5794514097  -0.2121306888  -0.416210798  -0.1385348286  -0.7763426837  -0.08428730719  -0.5111684405  0.1143719312  0.1844993663  0.003008727325  -0.1532252914  -0.0374964972  0.3387918218  
0.01019096523  -0.1715578928  -0.604746332  -0.5243665399  -0.4631633697  -0.08416271712  -0.2329287692  0.01052771425  -0.7780677415  0.1600118509  -0.2477661542  0.1401249066  0.5308188323  0.1756824101  -0.1629448505  0.2390971922  0.7161662065  
-0.2412974065  -0.3430772828  -0.658718754  -0.5735484427  -0.5111845158  -0.5874715132  -0.7047826199  -0.5874539451  -0.7910016669  -0.5700315375  -0.5136471613  -0.5550313469  -0.4722951474  -0.5905979131  -0.5601868006  -0.3922131689  -0.4148694124  
0.0956034129  0.04658491577  -0.5929604513  -0.3392895975  -0.4165457254  -0.2447346291  -0.312621072  0.106689445  -0.7150103465  0.1466433812  -0.3428079105  0.16519165  0.4905051753  0.176935962  -0.1316426284  0.11006031  0.4208118656  
-0.4851635125  -0.4361099318  -0.5429777023  -0.5544722029  -0.4949062879  -0.3981231448  -0.4321028284  -0.3429012631  -0.6239252652  -0.3594206587  -0.3589130282  -0.2490824809  -0.08008663482  -0.2159487322  -0.3876225034  -0.1376517351  0.08494129116  
-0.2132259387  -0.1615406848  -0.5415914574  -0.432708971  -0.5241094198  -0.3069066417  -0.4890843151  -0.1869247755  -0.7604139384  -0.1315666043  -0.4590672106  -0.173681006  0.05686396047  -0.0165717407  -0.1841863477  -0.0938008288  0.2653145462  
-0.3639814047  -0.2038410826  -0.8551026905  -0.4093767829  -0.8209963664  -2.140884987  -1.027912956  -0.5135238508  -0.5671846921  -1.313550708  -0.746741176  -1.957894938  -1.070589133  -1.223716354  -0.6132424251  -0.8108079411  -1.146261916  
-0.2092161247  -0.2666518795  -0.1511763151  -0.09249204995  -0.1933975342  0.1980962276  -0.008481598893  -0.03805505282  -0.5149291535  -0.0771411171  -0.5354431114  -0.07207525019  0.06980871458  -0.02863715813  -0.2793158798  -0.227714872  0.01964028226  
-0.1796930882  -0.2513840185  -0.285780591  -0.5125557132  -0.3495564796  -0.5595430129  -0.5161523573  -0.4587155439  -0.4091498687  -0.4471482426  -0.4138194011  -0.5044069623  -0.4265414176  -0.3633666103  -0.460197809  -0.4142126685  -0.266111132  
-0.4689638235  -0.4976006126  -0.6346923939  -0.6595948828  -0.5955445207  -0.5517380383  -0.6763799751  -0.7309406069  -0.7501759886  -0.5902363521  -0.6149027976  -0.535652067  -0.6161537329  -0.5135713206  -0.7238565006  -0.567838907  -0.4579311035  
-0.4366283685  -0.4378642213  -0.5975186912  -0.5369960988  -0.5639292128  -0.3121928787  -0.3172123289  -0.3110112476  -0.8927313457  -0.3292250128  -0.6498349843  -0.241125852  -0.125314225  -0.3384089918  -0.3267771664  -0.4927956512  -0.1905355597  
0.1114181613  -0.02235516626  -0.3772355943  -0.4877502911  -0.4480000755  0.007497838903  -0.4415549161  -0.2493166685  -0.8572726856  -0.04045581629  -0.5939040315  -0.2798874066  -0.1045358197  -0.2009899822  -0.3872149012  -0.342146968  -0.2277377093  
0.02805317656  -0.08841947056  -0.4954663613  -0.4512763096  -0.4436317717  0.06853598791  -0.237558427  0.06426960017  -0.6514749739  0.05376896597  -0.2349191574  0.02382931606  0.1171544589  -0.08963564701  -0.233121635  -0.1415621371  -0.1767945158  
0.04580361718  -0.1314424058  -0.6227122356  -0.4808257052  -0.3832596575  0.0936608067  -0.2389420703  -0.1534415286  -0.6717775582  -0.01807788124  -0.4541951697  0.1294396245  0.180292935  -0.03852476658  -0.2268339645  0.02612384584  0.1664332232  
0.4014612095  0.5098664814  0.676913321  0.8194641451  0.6923678264  0.6385318571  0.8087840803  0.6423891669  0.753595791  0.8181558951  0.8482611054  0.7309180465  0.86572627  0.7258198389  0.7565595986  0.6044878937  0.7414574211  
0.0998823598  -0.3519513216  -0.8775465379  -0.5860339872  -0.7062366008  -0.2369021284  -0.4577324112  -0.2471016778  -1.094267642  -0.1427846356  -0.6403795452  -0.1092801789  0.01745109545  -0.2643357659  -0.4320597132  -0.30729521  -0.05705861701  
-0.1194748869  -0.2204841589  -0.5623563229  -0.3071808111  -0.487257101  -0.2350084308  -0.2675903802  -0.1598422224  -0.8075606489  -0.06391526029  -0.3959643889  0.01858042614  0.04242965135  0.03274429378  -0.3246014875  -0.1493280715  0.2061983421  
-0.4782873588  -0.2603649409  -0.5763521761  -0.54481768  -0.4929044015  -0.478675592  -0.5917959277  -0.6184636712  -0.558372542  -0.4542516598  -0.5008994302  -0.5266201016  -0.4623208867  -0.3941037804  -0.292482305  -0.181053368  -0.5556330502  
-0.4221562258  -0.3802937608  -0.6124836834  -0.71743717  -0.6437378934  -0.7481125074  -0.7079466558  -0.7656170181  -0.8516794233  -0.6520851417  -0.7305140388  -0.7287439741  -0.5483691054  -0.5040743823  -0.5685193741  -0.5963587529  -0.3330864365  
-0.2185747163  -0.09413180326  -0.4875319489  -0.5408054908  -0.5451600145  -0.5212780679  -0.6881094306  -0.442721366  -0.7806475523  -0.2008900259  -0.5285903383  -0.3603866572  -0.1840545424  -0.3532967548  -0.4023767629  -0.3654265386  0.05606744847  
0.167014375  -0.02670438863  -0.4748746329  -0.3415779066  -0.2238358648  0.1303734981  -0.1109653472  0.007697506737  -0.7516447252  0.05777249159  -0.2514291989  0.1274679251  0.1409581944  0.04681519812  -0.3247894275  0.01295125002  0.2367531821  
-0.1457711805  -0.3726320002  -0.61468525  -0.5023572423  -0.468415618  -0.4141652791  -0.3105895407  -0.1270793388  -0.6014544086  -0.05393654368  -0.3320957891  -0.01814089842  0.1600082779  0.1118326719  -0.2274247072  -0.1854841649  0.5070886918  
-0.3888323361  -0.3637938251  -0.5527238377  -0.5498594823  -0.5768240383  -0.5206555962  -0.4542660869  -0.4068590052  -0.8908790072  -0.3282849295  -0.524361908  -0.2588776896  -0.1991339106  -0.09481363007  -0.2702397874  -0.08286668251  0.07688895213  
-0.4646513781  -0.4765812051  -0.8203389395  -0.6624339838  -0.7024511692  -0.4333229959  -0.4579237832  -0.2497381462  -0.9488339798  -0.3567780045  -0.559268861  -0.1637381218  0.1416846043  -0.05741141283  -0.365579405  -0.2638013672  0.2847406817  
-0.2105949598  -0.3357131381  -0.3273947587  -0.3050789598  -0.4047424567  -0.02525547768  -0.4860666473  0.08724180703  -0.5128132877  0.08529010148  -0.4680251123  -0.05324571348  0.2759968128  -0.3354323585  0.007179771296  -0.00661525777  -0.1713353476  
-0.1712974382  -0.05777529279  -0.4309239352  -0.3831943928  -0.2852475467  -0.3294913746  -0.48700422  -0.4130963642  -0.5833524281  -0.2948474784  -0.3607980087  -0.290593408  -0.2587111865  -0.2799342007  -0.3902432816  -0.2605229518  -0.1210361087  
0.09865574527  -0.1932615908  -0.4339768353  -0.264739781  -0.3269135652  0.01134024256  -0.2313731023  0.06604181375  -0.6177082197  0.1846574511  -0.2740747847  0.3156963792  0.4430092252  0.3014185766  -0.08653331229  0.09916208582  0.3648866053  
-0.1138006688  -0.1790479681  -0.5173318142  -0.5108299831  -0.3763679934  -0.3317638298  -0.5347353572  -0.3755480989  -0.562240409  -0.2604485294  -0.3740678339  -0.2680730553  -0.1206203727  -0.1646508561  -0.1505154942  -0.004689322256  -0.1713387423  
0.1055520489  -0.2969527293  -0.5214060562  -0.5966455612  -0.3902628186  0.2524461529  -0.1869999256  0.03481086655  -0.6965145655  0.3463885198  -0.2821113767  0.1272284823  0.365607034  0.2690036195  0.1775365043  -0.0001899876319  0.2529078608  
-0.4128169405  -0.3542951265  -0.5796779531  -0.5687365306  -0.5490098723  -0.5175321217  -0.566263318  -0.412935858  -0.7301393038  -0.3680149851  -0.5960554003  -0.3035766847  -0.09017814424  -0.1682067015  -0.4083665501  -0.1964272789  0.1443050117  
0.03394839504  -0.4149710916  -0.6393722502  -0.4413934353  -0.4342487626  0.1731157148  -0.2239879354  0.004895482477  -0.8163321623  0.05465652053  -0.5686910238  0.193145864  0.3172094692  0.155536141  -0.1412385261  0.1378740767  0.5214666385  
-0.325194822  -0.2875624815  -0.63560342  -0.4510878016  -0.5954020302  -0.2533542638  -0.3545942983  -0.04823189697  -0.7553035839  0.01762933878  -0.4087681531  0.06125529916  0.3838426699  -0.02312429352  -0.1754932714  0.1875053751  0.7330143774  
0.06952797489  -0.07166722758  -0.2622904641  -0.2383431561  -0.1728505347  -0.1515081033  -0.3771151634  -0.3363002429  -0.3455198167  -0.2260632318  -0.2371944692  -0.1717521882  -0.02947370924  -0.002840516208  0.01532073935  0.1297644422  0.1777630271  
-0.4897014479  -0.5657264967  -0.6389927235  -0.6180227238  -0.6728096795  -0.4356344912  -0.5097541491  -0.3932159742  -0.7459771085  -0.3383462815  -0.5172327751  -0.2008317531  -0.03765258717  -0.1895221484  -0.4212912682  -0.3106133088  0.05266516384  
-0.2901148436  -0.4811102022  -0.4658425836  -0.5701801076  -0.3420536098  -0.4463619307  -0.3870846912  -0.2490762251  -0.4429028995  -0.1842928665  -0.2369566594  -0.1259055358  0.1281397376  0.0304820029  -0.07784112905  -0.1035398883  -0.003826439097  
-0.2391048403  -0.24908981  -0.3842690678  -0.379191077  -0.4689338174  -0.3422471772  -0.480066688  -0.4728014603  -0.7020183279  -0.2827611907  -0.525978418  -0.428889358  -0.3668882857  -0.361340464  -0.4915856221  -0.3131794284  -0.3745877098  
0.2257737045  -0.06560727759  -0.3039028706  -0.3444403339  -0.1737300528  0.2166872622  -0.2540897224  0.1289732245  -0.5985379258  0.1445862755  -0.3650072026  -0.01663910116  0.1053426433  -0.03012177629  -0.04235955374  0.06099970135  -0.0396050741  
-0.2266306248  -0.5932527636  -0.7304678826  -0.5475760409  -0.6432957546  -0.3004609982  -0.4135731901  -0.3568889443  -0.7730279366  -0.2596817692  -0.4071160002  -0.1734877784  -0.09238888801  -0.1562902344  -0.5471047101  -0.326557768  -0.1717964138  
-0.4196851616  -0.5554029928  -0.5739396351  -0.6378229315  -0.5584104061  -0.613899993  -0.6138146616  -0.6252202296  -0.6207855997  -0.5617116652  -0.5205277561  -0.5617054714  -0.4994852289  -0.4785208733  -0.549232574  -0.5350769733  -0.4915840447  
-0.05892560583  0.0676422525  -0.6532214632  -0.4565507662  -0.3865231021  -0.1873950536  -0.3744352999  0.2994263474  -0.6237849211  0.09265841147  -0.3367224894  -0.01336817954  0.4289278222  0.14477742  -0.1526413991  0.2891351441  0.610712874  
-0.3711826714  -0.3522018287  -0.5574720926  -0.4808559501  -0.5656022285  -0.4151277115  -0.4052504292  -0.2584592196  -0.6563736548  -0.2310348695  -0.3903106954  -0.09365672422  0.09599369535  -0.04010881604  -0.2040916574  -0.1367944976  0.2136381164  
-0.1726443227  -0.2503447344  -0.5173304602  -0.5908644931  -0.374866507  -0.5155964033  -0.5904014086  -0.3066971093  -0.4680902809  -0.3505183836  -0.3449769189  -0.3702808653  -0.181103333  -0.1022703788  -0.1193863058  -0.06441258494  0.1825660714  
-1.294641063  -1.437399328  -1.737737533  -1.744513809  -1.594536812  -1.780814702  -1.800325457  -1.843494523  -1.807841287  -1.783475199  -1.754805683  -1.866507135  -1.863762763  -1.824008726  -1.843396258  -1.865998548  -1.884809017  
0.2035318398  0.09792445295  -0.2354600694  -0.04736881766  -0.07970887891  0.04038300266  -0.2075605571  -0.1162727452  -0.2757721832  0.1411471958  -0.2255228582  -0.04995157204  0.1054243197  -0.04104521955  -0.06399851108  0.08065801319  -0.115898316  
-0.04492007511  -0.1127236859  -0.3661304509  -0.3866441949  -0.3481514368  -0.3636306943  -0.5160045884  -0.3627100913  -0.7067175473  -0.2810718529  -0.4770526521  -0.2817883963  -0.2061567726  -0.2767832468  -0.4702864762  -0.1428185664  -0.142485863  
0.07425790599  -0.2417197381  -0.08798664889  -0.4244314777  -0.1410580092  0.5003779844  0.02638106328  0.1813631476  -0.6028564032  0.2571541441  -0.1751326893  0.5505040704  0.5046974063  0.1033553657  -0.2003362835  0.1712617352  0.2259114651  
0.6423963007  0.03502542366  -0.1706052421  0.03560444727  -0.1161533542  0.4394010917  0.02805092825  0.1245223843  -0.568951479  0.0853001683  -0.1708201839  0.2473221741  0.1818019296  -0.01776628004  -0.07397175706  -0.04504052379  0.1319994877  
-0.4981497264  -0.4317164939  -0.4802519204  -0.4464586835  -0.4748254654  -0.4357929916  -0.3685922  -0.3478257427  -0.5069100883  -0.4456557715  -0.4567447128  -0.349672504  -0.3103397971  -0.3909963723  -0.4025902808  -0.2918181017  -0.3659989412  
-0.2525557898  -0.2959128945  -0.4992652914  -0.4823245427  -0.5289680742  -0.576356429  -0.64853204  -0.5890400736  -0.8441143591  -0.4683088768  -0.7058871101  -0.4477654395  -0.3374541656  -0.4078196178  -0.5067818148  -0.5417756063  -0.06293643608  
-0.1012963315  -0.482105241  -0.729571652  -0.659287724  -0.6752424024  -0.3503676908  -0.5206970882  -0.2862034819  -0.9551512246  -0.3017464033  -0.5757411014  -0.2365793695  -0.01563019581  -0.2558168505  -0.3784877751  -0.3790562855  -0.1719342735  
-0.2647856844  -0.3977512336  -0.5919263608  -0.5179246598  -0.5239768009  -0.348823945  -0.4693427485  -0.3342652339  -0.7144944987  -0.1375905876  -0.3711206182  -0.01964459935  0.1622821211  0.04761153162  -0.3407931102  -0.1620496965  0.1967136668  
-0.3609416576  -0.2844271446  -0.7667549664  -0.7927982509  -0.7207438412  -0.5732891723  -0.7165589767  -0.7068942993  -1.055763992  -0.5470741101  -0.7526310864  -0.6086002159  -0.4415604544  -0.6446861836  -0.6844301534  -0.7366047892  -0.4424450732  
-0.1338104917  -0.2572713029  -0.5613656591  -0.5128562617  -0.4415712721  -0.438276994  -0.4014888962  -0.2803233207  -0.713870662  -0.2542417865  -0.4886333132  -0.09189940968  -0.0729154099  -0.2067973054  -0.3886520369  -0.2802927417  -0.09593863291  
-0.01569987037  0.05612006528  -0.2380618706  -0.1435614332  0.03545256106  0.3079808656  -0.06910616356  0.1735407944  -0.187310248  0.23734845  0.06326750402  0.1161896813  0.2040723768  0.3201626213  0.2106450554  0.5466454008  0.0446855065  
-0.2504306624  -0.3459139103  -0.6326265883  -0.4395194026  -0.5339039499  -0.2464554441  -0.3727581611  -0.2376883975  -0.9014771942  -0.06662086085  -0.4857150713  -0.2016248766  0.04707390265  -0.08023460375  -0.3029034084  -0.1835374408  0.1194906188  
0.2705839967  -0.1643011874  -0.5801457704  -0.3985686309  -0.3354906671  -0.2078857573  -0.3070375009  0.0001333904403  -0.5537856628  0.06155076153  -0.250059787  -0.1736044002  0.02197639824  -0.04603238055  -0.0816138088  0.09524887589  0.1062457927  
-0.2810997152  -0.2984167302  -0.3738980713  -0.4510268646  -0.4387547795  -0.5931752034  -0.522459384  -0.4490169178  -0.5470411611  -0.4413963692  -0.3943650874  -0.4632149452  -0.3604148328  -0.4189670211  -0.3193601652  -0.4577398161  -0.3535379511  
-0.3752627098  -0.359034121  -0.5128064883  -0.5616089115  -0.5944781237  -0.4973046363  -0.5801555537  -0.5963797369  -0.7630886558  -0.5001122041  -0.571251434  -0.3941080907  -0.3491339571  -0.4772494123  -0.6130784594  -0.4612802602  -0.3361568238  
-0.7695519868  -0.4650600491  -1.059536047  -0.5743328003  -0.8987714463  -1.276963047  -0.9325400284  -0.2861995847  -0.8539371382  -0.6201788203  -0.7379173151  -0.7525744726  0.002167160803  -0.4399473567  -0.2576460042  -0.1657178925  0.3672875805  
0.1266470711  -0.05594668373  -0.4992641553  -0.4350383661  -0.3164449282  0.07254360736  -0.2794584194  0.1055806512  -0.6159252815  0.02898989125  -0.2807423394  -0.1033771608  -0.002262693  -0.1108800271  -0.3038141823  -0.04325498619  -0.0657638122  
-0.3296796375  -0.4156397629  -0.6311887034  -0.5902609979  -0.5648172685  -0.4335725959  -0.6433889672  -0.5289070587  -0.9377874551  -0.2863746952  -0.6421788325  -0.319019329  -0.1114842355  -0.2966760383  -0.4566378542  -0.3819548875  0.04201202685  
-0.3323229553  0.06950592463  -0.4379359318  -0.4030618051  -0.3090001484  -0.4802282601  -0.4437034402  -0.2466126775  -0.4901066859  -0.2492676148  -0.3863348078  -0.3270695304  -0.08779090245  -0.1122531617  -0.3045998634  -0.1041594823  0.157535401  
-0.2154965773  -0.3312732493  -0.4835601383  -0.5029118947  -0.4750561413  -0.2737883336  -0.3588698242  -0.2241295052  -0.7042394037  -0.2048557358  -0.3952004428  -0.2215357554  0.0115904252  -0.2971244244  -0.2969686413  -0.3947345985  -0.3801481491  
-0.1021831276  -0.2073623835  -0.6406053043  -0.6761641854  -0.4042577814  -0.625953767  -0.7172999779  -0.4785726919  -0.7015840834  -0.4231077531  -0.4993426958  -0.5121133238  -0.2799466696  -0.1577002527  -0.4877955443  -0.2743724592  -0.1076649198  
-0.2413727757  -0.3778982145  -0.5542540988  -0.4525331963  -0.5293925552  -0.07312011981  -0.2798519016  -0.165161758  -0.7751819387  -0.06559627558  -0.4500727465  -0.01568630761  -0.0494134778  -0.04392516974  -0.2959698839  -0.1623070148  0.3067330503  
