1.304939662  0.2668778239  0.4131827233  0.3073483206  0.608365314  0.5702425352  0.4963526228  0.6909317556  0.1129445748  0.4255993079  0.4059308253  0.6654367817  0.745194393  0.4677271363  0.4345009492  0.6850560113  0.8824921195  
0.4169669449  0.3527008022  0.4540056799  0.3820159001  0.501899358  0.4938879076  0.5216856171  0.6491250185  0.1473725716  0.4019148049  0.574304483  0.5238681545  0.6485723032  0.3390726123  0.4653296325  0.5069062747  0.4548890425  
1.376816971  0.2675899461  0.4042105618  0.2933417189  0.781360022  0.7164166627  0.5246286794  0.6055373032  0.1090350898  0.446980439  0.4310659359  0.6348526316  0.6233897691  0.3506959045  0.392882549  0.5606136437  0.7717417974  
0.6200555222  0.3330253943  0.3757512897  0.3534029111  0.4460033438  0.4480921248  0.4665381588  0.5929593129  0.1052551355  0.4568976737  0.4632277207  0.4912592631  0.5788181662  0.2923885297  0.3949135781  0.496590673  0.4628430253  
0.7601850033  0.3082167147  0.3735300443  0.3506914236  0.5212335807  0.5010951538  0.4751694014  0.4947804919  0.1178812095  0.3871949404  0.4235063545  0.4902454184  0.5572392477  0.3369240643  0.3585960893  0.4572170108  0.5606315207  
0.4923107496  0.2579801987  0.4842080309  0.322038987  0.3572449864  0.4794105087  0.4480210871  0.3994379105  0.1269346003  0.7901752917  0.4999902523  0.3423240272  0.3929338207  0.2945113484  0.4329454673  0.4595178021  0.3794821558  
0.5398380288  0.2688355294  0.4737011625  0.3430354443  0.3938754072  0.5382941683  0.4789945669  0.5471765212  0.1406234722  0.4827636383  0.5430714682  0.4981778659  0.6058613488  0.4523847606  0.4007921606  0.5522300536  0.5974299531  
0.52674285  0.3286875532  0.4264367607  0.3904890793  0.4952488747  0.5671352718  0.505299275  0.5632882017  0.1363818392  0.472419171  0.5505530749  0.595859436  0.6398172405  0.3793515734  0.4743442546  0.5551351919  0.6364831933  
0.6270831908  0.4353344332  0.4227010543  0.40583709  0.621427831  0.5877332336  0.5362638898  0.5662872892  0.1214224125  0.4194581574  0.5345002222  0.6350851849  0.6486842815  0.4335295178  0.4386360032  0.4957871044  0.5456350411  
1.050836384  0.2634180476  0.431404633  0.3146404402  0.5681295379  0.5462866174  0.484012  0.7418921956  0.1127593101  0.3843187674  0.5345779176  0.6069879914  0.7059199384  0.3886094361  0.4329497916  0.6854113742  0.8310499508  
0.5488288105  0.3908919927  0.5658711701  0.466115513  0.5019203907  0.6638805582  0.555310731  0.5377389334  0.1463954253  0.8426284706  0.6431735112  0.4722016527  0.5036847696  0.4156009145  0.4838068992  0.5595158392  0.5764896273  
0.7583873272  0.299280903  0.3682153375  0.3265516239  0.392198112  0.4560297163  0.4065113691  0.5001868834  0.1142965942  0.5436141907  0.5094296016  0.4767117745  0.5878300447  0.3538968042  0.4010621669  0.5703723623  0.650055859  
0.5253486378  0.4097021362  0.4224151092  0.4029734778  0.4675405837  0.4801947004  0.4874589177  0.5469190044  0.1406329763  0.6260493572  0.5972661173  0.4640919541  0.5874167114  0.289812813  0.469068157  0.534421952  0.4987131681  
1.347375129  0.2450467662  0.3976678245  0.2870880404  0.4370079698  0.4609353968  0.4211282909  0.6057695211  0.1088601259  0.2803955616  0.4433416743  0.4974562479  0.5619168978  0.3126276221  0.4485204341  0.5346994127  0.7601672988  
0.4693927467  0.4540689779  0.5016142301  0.4180307618  0.4399589413  0.5481005932  0.4932751545  0.4620063876  0.15790332  1.177437689  0.6931635567  0.4540407373  0.5576666697  0.4297516845  0.4238563983  0.6348683383  0.4607120458  
0.4952769067  0.3088764201  0.4006285232  0.3431573303  0.4372740082  0.4795565495  0.4358758953  0.4843091625  0.1284133831  0.4046850471  0.5492964178  0.4088059888  0.4958891135  0.3527722441  0.4596258933  0.4837954243  0.4716332693  
0.5173692405  0.3636332417  0.4260495108  0.3911587527  0.4009820064  0.4753426175  0.4348752516  0.4372568581  0.1270881233  0.589838836  0.5167070661  0.4465918748  0.5046875969  0.4268309161  0.3623151427  0.5044691199  0.4803763188  
0.5050817983  0.2940588027  0.3823338126  0.3640594918  0.3635038022  0.4575350006  0.4636286284  0.5371043307  0.121567023  0.2932773044  0.4508670093  0.4636645125  0.4911154008  0.3308194708  0.4127639651  0.3754756229  0.4784431298  
0.4967193518  0.2750107815  0.3996949611  0.3128443508  0.2945639116  0.4304930209  0.3946483538  0.5052083871  0.1213336459  0.5276105319  0.5961870097  0.4293907286  0.5354119329  0.3132991357  0.4074061886  0.4575776743  0.4016009161  
0.4151167316  0.2776031126  0.351988331  0.3238102506  0.3117488258  0.4054782148  0.4212229051  0.4989114594  0.1050374458  0.3138448168  0.3704834294  0.4743724818  0.6109385048  0.3519266222  0.3887298347  0.4460014902  0.5130373515  
0.2985148004  0.2747401141  0.4424392582  0.3494405264  0.4136486958  0.5538423975  0.4732604906  0.4920597458  0.1346535272  0.6507071898  0.5515323263  0.4613458145  0.4962215981  0.3534307815  0.3917712603  0.4496873598  0.3912296475  
0.5355624301  0.3219836757  0.5005774672  0.3785994132  0.4211895003  0.5250138808  0.4566799302  0.5492604807  0.137785947  0.7323284607  0.6610947938  0.4151279153  0.5568224124  0.3006333604  0.4843709268  0.5523722551  0.4467730008  
0.3376490985  0.3472384804  0.6370531343  0.462839348  0.3592197399  0.5204539053  0.5198662945  0.5283338633  0.1898968952  0.9437590581  0.7151022628  0.4192939008  0.4909300493  0.4743348181  0.5346023066  0.5539266232  0.401887098  
0.5961057033  0.2673334235  0.463817525  0.3055811193  0.4121855402  0.5074441336  0.490594969  0.5681484436  0.1316416469  0.582830049  0.5882097034  0.414331385  0.4584872265  0.3691643208  0.4345946406  0.4531823397  0.3997357457  
0.7218842251  0.4092223957  0.5815978406  0.4487162919  0.5335983567  0.7094838478  0.5928449329  0.5368186907  0.1616057609  1.066551386  0.7274243848  0.4861407781  0.4548349495  0.5356528439  0.5343339675  0.5666127327  0.4528160922  
0.4869503336  0.3339779728  0.4333056202  0.3349133372  0.3938016203  0.5359591632  0.4651090381  0.5009775241  0.1495871396  0.8731695977  0.6648416136  0.5000396011  0.5078918073  0.3364435956  0.47586167  0.4998811002  0.4497464212  
0.7167807817  0.3458329363  0.4583764359  0.3605913844  0.5093044176  0.6026531456  0.5481337379  0.609546823  0.1278646966  0.5906053896  0.7221726363  0.5189054777  0.5830480066  0.3578214012  0.4714685774  0.5293578553  0.5435697449  
0.5467010226  0.2775193602  0.4043535498  0.3401177255  0.4335846171  0.5077118235  0.4458382013  0.5904000968  0.1285993525  0.3825339541  0.4858001283  0.5560563386  0.6137382746  0.349394175  0.4232700236  0.5293086561  0.6421716821  
0.6429590923  0.2383990461  0.4114807654  0.3313130199  0.3444188152  0.4940197064  0.4248522831  0.5529253373  0.124046612  0.4467483602  0.5361891873  0.5163981582  0.6013652123  0.3114045249  0.4435534572  0.5499749384  0.5724117238  
0.458634087  0.3970364055  0.4785156169  0.414374594  0.440888077  0.5182451861  0.4876998055  0.4323216098  0.1283412011  0.6581741679  0.5270257529  0.4265922356  0.4275228218  0.3933994204  0.4865956762  0.4079002316  0.4395397599  
0.7171808566  0.3164692319  0.3775048124  0.3617734391  0.5075654978  0.4960551492  0.4599737113  0.5934436215  0.1202850133  0.3860330891  0.5232346624  0.5502691015  0.6803989505  0.3245185222  0.4670342768  0.5066679149  0.6269225812  
0.4415172551  0.3711375276  0.4273844256  0.385617979  0.4167847664  0.5071699746  0.4687782275  0.490150442  0.1186424392  0.3479768977  0.4938415946  0.4904258419  0.5287764777  0.4191582881  0.440486483  0.4133229045  0.4657667898  
0.3458911138  0.3681238946  0.3637220659  0.3174809347  0.4010013758  0.4250389704  0.3943172485  0.4403457824  0.1440375282  0.5777608429  0.537757097  0.4068151401  0.5189984858  0.3353374034  0.4128753016  0.4556824443  0.3892516931  
0.4973836754  0.3135180359  0.4730148491  0.3795972621  0.3912920569  0.5207744777  0.5075116399  0.572239001  0.1519622007  0.8542873592  0.6847956262  0.4437277014  0.5419529509  0.3800408188  0.4221457115  0.5347473072  0.471902668  
0.5176426598  0.3401443876  0.3489225621  0.376375053  0.3965258038  0.415879263  0.4461500139  0.5642250542  0.1144964284  0.3679176123  0.4796558025  0.4688028063  0.6125090949  0.2950347297  0.4262002584  0.4869729454  0.5221147412  
0.4966476091  0.2803654006  0.3961537372  0.327874666  0.4284359713  0.4754900314  0.4462618108  0.5388083665  0.1512394462  0.5511431837  0.5374941407  0.4895092118  0.6569015158  0.3932287306  0.4731307036  0.5594689984  0.642814084  
0.4100714198  0.3795532558  0.4162264431  0.3657145043  0.4890308935  0.4705637621  0.4841166107  0.5453604406  0.1361714248  0.3510896983  0.4437339846  0.4961583508  0.576106185  0.4001550607  0.4458092291  0.4490009854  0.5566806463  
0.5523858156  0.3228720839  0.4326202028  0.338174953  0.3504212766  0.490117215  0.4651286886  0.6286672745  0.1293206094  0.6811112526  0.6323154595  0.4330095606  0.5409313572  0.3147570923  0.3954105378  0.5630793518  0.4349700743  
0.4515133841  0.3145429263  0.5394054396  0.3754372851  0.4546257386  0.5851902553  0.5099276058  0.5040186902  0.1758521482  1.285557395  0.7692956715  0.3703691421  0.4210059306  0.3954063728  0.5144662142  0.6206155288  0.4449131548  
0.378660036  0.2348787811  0.3312253341  0.2985842278  0.2911683498  0.4148601902  0.3843938513  0.464696728  0.1292614269  0.3556707458  0.5002878809  0.4380748239  0.6090889868  0.3392153554  0.3872508774  0.4834396176  0.4954843166  
0.3856364744  0.3504646922  0.5778791279  0.4152129628  0.446571977  0.5848140909  0.5221063259  0.477010435  0.1592152575  1.122521807  0.6466676251  0.4129379091  0.4644444563  0.3982879378  0.4670889822  0.589151272  0.4164439215  
1.802579335  0.2399704048  0.4134568448  0.3075801156  0.6060964694  0.6679814928  0.5493735504  0.6932990519  0.1232900275  0.582940008  0.541066575  0.6710063751  0.7316693126  0.4015499652  0.461975058  0.6700048455  0.8672462975  
0.5309443133  0.2621271198  0.4658767193  0.3553782948  0.3257192558  0.4547366952  0.4118694757  0.490084047  0.133910274  0.5729465095  0.5971859862  0.3915438215  0.5053714636  0.2962776314  0.4746263583  0.5167139577  0.476794348  
0.5453158362  0.3777992467  0.346971542  0.3125974358  0.3760548213  0.4162733999  0.4193359704  0.4829379806  0.1279176377  0.4015031264  0.521596434  0.4044245008  0.4425572549  0.3073701017  0.4491941367  0.3588956724  0.4433530388  
0.6676680871  0.2985830823  0.3511797497  0.2942932782  0.4221232169  0.4351561056  0.4481702486  0.5075825227  0.1144022157  0.4243024682  0.4692509635  0.4023263249  0.4549077526  0.3112601005  0.4466570378  0.4090465207  0.4510675153  
0.6625677347  0.3363896719  0.4425356083  0.3690658006  0.47062915  0.4669342751  0.4926020586  0.5424659767  0.1306770315  0.4162178376  0.4851907136  0.4605197769  0.537599817  0.3887550019  0.4719738603  0.4586870121  0.5017323814  
0.3660411792  0.3082797383  0.5671697349  0.3934708393  0.4279775573  0.6446741718  0.554457916  0.4901296604  0.1489699285  0.8955424898  0.6086846154  0.475220478  0.4815469399  0.5591206051  0.4292649647  0.5153795198  0.4713756813  
0.8136725255  0.348097746  0.4127573303  0.3361932181  0.5328589282  0.5028359896  0.4847140543  0.5072338621  0.1514561936  0.4895334648  0.5620807117  0.4562151681  0.4999410513  0.3586915091  0.4951732987  0.5063455674  0.5397191021  
0.6024369001  0.3279244296  0.4006666546  0.3660603744  0.4318333556  0.5278579778  0.4852190141  0.5761931265  0.113672497  0.4309423932  0.501258106  0.5390043144  0.5918465972  0.4230964482  0.419501831  0.5266121182  0.4935113531  
0.4766790782  0.3374334634  0.4423719338  0.367006959  0.3923303621  0.5171389913  0.4898627989  0.6483699207  0.1382095781  0.4712311629  0.5718147565  0.4956076716  0.6184857838  0.3477900442  0.4729348583  0.5485109529  0.4944418436  
0.6513249065  0.3004689111  0.3750504318  0.3203861921  0.348178799  0.4277359969  0.4132768149  0.4787718291  0.1335951355  0.4564587514  0.5037252233  0.4095541292  0.4622056322  0.343183703  0.4577399481  0.45509089  0.473798752  
0.3703258038  0.3893696084  0.472690674  0.3554506352  0.4884877765  0.472515082  0.4209018879  0.4810568085  0.133735168  0.4743552088  0.5318589094  0.4144748223  0.4895281678  0.2999691933  0.5008642116  0.4298268837  0.424884974  
0.6205167174  0.3172817898  0.5318966056  0.4201400218  0.4393165173  0.6298987588  0.5308839831  0.5785809937  0.162465324  0.7951995614  0.6635374556  0.5290080494  0.5507389069  0.5473022331  0.5375823461  0.5873024893  0.5546950534  
0.6805979524  0.3103310713  0.4240207369  0.3339189121  0.4752479771  0.4801079966  0.4437374633  0.5270445801  0.1209111509  0.4621198253  0.5884417406  0.4458855502  0.5001314797  0.2882302348  0.4275894705  0.484585128  0.4669263836  
0.5143358367  0.3100206599  0.4289495576  0.3396481964  0.5047457341  0.5190707035  0.4444203745  0.4705333328  0.1255571535  0.4440607238  0.5667509676  0.4167731579  0.4169375063  0.3428197257  0.4545298599  0.3993050964  0.4510014287  
0.4112282353  0.3758712989  0.3812082717  0.3436974457  0.3928692289  0.4342967497  0.4236174329  0.4615841488  0.1295310259  0.4382603895  0.4733353473  0.4450785168  0.471935996  0.3791539118  0.4109461424  0.4201605747  0.4394829226  
0.4715755667  0.3194228108  0.3986507797  0.3522148927  0.4106704708  0.5007162298  0.5191022769  0.5798860927  0.113557395  0.4992073607  0.5160312453  0.5001058891  0.5889040375  0.3276061803  0.3993278863  0.4813526699  0.5029471429  
0.5922160745  0.3149988686  0.4233073596  0.3487873658  0.4144236191  0.5050700756  0.4491806057  0.4300563531  0.1308612584  0.6628147583  0.5391854526  0.455874871  0.4684008454  0.4005617879  0.4723312733  0.4425908702  0.4615113772  
0.4826287925  0.2530988691  0.4069055436  0.3225526239  0.4488130538  0.465089758  0.4281539896  0.4809401439  0.1212187947  0.5174033555  0.5295058182  0.4080983524  0.5292995291  0.3764554478  0.4394946742  0.5339275875  0.6571399483  
1.59666792  0.233377771  0.420985497  0.35305426  0.6596213592  0.6794051049  0.5283518687  0.6209506725  0.1240386233  0.6504028818  0.4381063559  0.6516673464  0.7021057732  0.4102220567  0.4244106047  0.7085783202  0.8938141521  
0.6302540898  0.4252637489  0.6061327931  0.4716674181  0.6717659818  0.7347267363  0.62278025  0.5318464507  0.1558999666  0.8761007929  0.7511871747  0.5179651223  0.5139017419  0.4454542033  0.5093032463  0.5979517709  0.4459998704  
0.8313538688  0.3173795334  0.4079977385  0.4014532315  0.5603124371  0.5511717667  0.5041691783  0.6475032501  0.1401668483  0.50831434  0.5725666943  0.5805482569  0.652684432  0.3807513449  0.4368029106  0.5774896886  0.6518000189  
1.48218567  0.4083880175  0.4988700471  0.4570448974  0.7446023922  0.596732865  0.5886459699  0.5685391364  0.1246248368  0.590304233  0.4887545201  0.5753546925  0.6827546223  0.2903011192  0.5067604818  0.6156229565  0.8347754427  
0.5028754643  0.2993925147  0.4028212307  0.3409787348  0.4528530317  0.5157704799  0.4557234567  0.4462794256  0.1323671543  0.8501411459  0.7134141258  0.4158687397  0.4930293108  0.3423051946  0.4018025833  0.5716434063  0.4844914955  
0.5213275722  0.3440715608  0.5201779733  0.4388727532  0.435741226  0.632064294  0.4929232323  0.4621367668  0.148282836  0.9592368581  0.6202185182  0.4774339922  0.4881046378  0.5208347969  0.4832199028  0.5843335473  0.4748012159  
0.4231772976  0.3812505673  0.4819076075  0.4122660262  0.4840275275  0.5644536096  0.4980185225  0.4873974493  0.1459973493  0.7291958622  0.6633208954  0.4565185101  0.4922962375  0.439336028  0.5141841832  0.494479548  0.4388381227  
1.406563997  0.3050814934  0.4228216202  0.343150153  0.7423792384  0.6133777358  0.5064764337  0.6424936712  0.1137793284  0.3734870797  0.4392502527  0.6226251072  0.728513942  0.3247790032  0.4773155054  0.7263702785  0.9597423394  
0.5519025241  0.3968067711  0.3274324636  0.3379928508  0.4891285917  0.418606262  0.44725764  0.5375789295  0.1064872197  0.3497437895  0.4786930972  0.4161187004  0.4691083596  0.2432920553  0.3492220384  0.4082916047  0.4752768675  
0.3886721049  0.2795052635  0.3306169776  0.3013013798  0.3968642804  0.377499964  0.3735336532  0.3831723485  0.1076830039  0.3044431539  0.3707058661  0.3630300455  0.3790010447  0.2636147775  0.3887944981  0.3521236664  0.376842282  
0.5279795698  0.3551218413  0.4259059218  0.367051772  0.418259697  0.4708169421  0.4706162499  0.556227673  0.1399161067  0.5569590152  0.5776583641  0.4799356364  0.6318612302  0.3310462564  0.4159217144  0.5643649949  0.4995981399  
0.4080928777  0.4522805972  0.5880962745  0.4253934591  0.5573763256  0.6158545289  0.5268370501  0.5110959892  0.1444960989  1.124882078  0.7207535543  0.4958378446  0.50276913  0.4676569737  0.4637285136  0.5889579665  0.5491927108  
0.5159286814  0.2674021142  0.3894683933  0.3025202773  0.3949723485  0.4348461973  0.4115993731  0.535979298  0.130380225  0.4065254612  0.5602511726  0.4247906983  0.5296432545  0.2379582059  0.4000711611  0.4742487068  0.4703839539  
0.5197107111  0.3489536177  0.4483193075  0.3588456776  0.3850627187  0.5702680779  0.4787892342  0.4208859265  0.1393992988  0.8289514634  0.7084736716  0.4803147522  0.4270376536  0.3899912685  0.4070092637  0.4816754643  0.4350932321  
0.6139246225  0.3924904143  0.3860451423  0.380396069  0.4717557965  0.4645475288  0.4559689067  0.5817269214  0.1281670288  0.4002430994  0.4961577917  0.4746164865  0.6003560948  0.3237682708  0.4362507631  0.4799729062  0.484478915  
0.3792780212  0.3754948715  0.597941368  0.4567262385  0.3381134112  0.5567459869  0.5314407023  0.4678760645  0.1676214078  1.115736563  0.8528704171  0.4324385648  0.5088048291  0.485780599  0.5161750742  0.6266118365  0.4281073488  
0.4695994513  0.3340472849  0.5161908263  0.3912694465  0.4026260592  0.5424143681  0.5109170162  0.5481932162  0.1538659337  1.093167865  0.7058512282  0.4365392562  0.5710674572  0.3704439133  0.4320819174  0.5949743366  0.4572688953  
0.4681237425  0.2976060101  0.4900745964  0.317197801  0.3583172246  0.5202922357  0.4466190318  0.4404452712  0.1293713793  0.7369750134  0.6095623163  0.3943465385  0.4521843701  0.3819499813  0.4426675437  0.5072729491  0.4271410098  
0.4447036002  0.2468094588  0.4164310705  0.3011566084  0.3405294578  0.4342432076  0.3832291084  0.4125729428  0.1320319288  0.461448788  0.4952477165  0.3599189697  0.4698042943  0.2900811549  0.4646538903  0.4452336915  0.4984049611  
0.4402007461  0.3171737936  0.3791724616  0.321563966  0.3818736469  0.4388713943  0.4143939441  0.4526641566  0.1265343922  0.4440691464  0.5632741994  0.4105240622  0.4853926745  0.3129539337  0.4466513878  0.4643726198  0.423898323  
0.4806635635  0.3366478231  0.336236399  0.3514521322  0.4051750903  0.4507376026  0.4462409441  0.5062273197  0.1114007125  0.4331804983  0.4476144024  0.4806138768  0.5871536623  0.2673081204  0.3897564362  0.5152223326  0.4826604  
0.5019648927  0.3593709419  0.4056179415  0.3556591476  0.4198297347  0.482597065  0.452247675  0.4387427124  0.1316727484  0.4997394787  0.5320451311  0.4314245768  0.4435091733  0.4461138956  0.4131607962  0.426096905  0.4423481597  
0.4164017439  0.27045217  0.3895960508  0.3082580889  0.4154941357  0.4528452051  0.4035187651  0.4676695453  0.1114055628  0.347435369  0.4980299286  0.399020762  0.4083616667  0.3375787735  0.411466342  0.3649488012  0.4189510267  
0.5245968657  0.3447638424  0.406331702  0.3334801601  0.4482899843  0.4305293175  0.4351626018  0.5411008461  0.1385985398  0.4397281219  0.5304315323  0.4713750279  0.5589071823  0.3588085823  0.3979868763  0.4756910902  0.4887072401  
0.5344431358  0.2891394568  0.3778285175  0.3495969443  0.4081303354  0.4868875578  0.4478194475  0.5086520691  0.1174295158  0.4572230813  0.5055203303  0.5331506147  0.5609575098  0.3451579323  0.3375860371  0.4915457617  0.5950601194  
0.400960241  0.3577984948  0.4614766557  0.3875997272  0.4871057642  0.5613136639  0.5033520544  0.6002937257  0.1462355815  0.4944905806  0.5659246162  0.5464119501  0.6364435871  0.41407336  0.444546602  0.5703354251  0.560251383  
0.3727037396  0.3413620635  0.3487875087  0.3555988555  0.4382524701  0.4453530964  0.4335915388  0.4967366175  0.1379983667  0.4791107117  0.5190895544  0.4478799896  0.5627729653  0.3593954608  0.4009068872  0.4727056996  0.4759848228  
0.5404327256  0.3706818157  0.3800246151  0.3522850601  0.5146824348  0.4562485388  0.4843316095  0.5390587995  0.1212727162  0.3512657649  0.4757078559  0.4792094465  0.5729449987  0.3051053941  0.4364650899  0.4435470307  0.5406694562  
0.4315836983  0.3382099342  0.3398959247  0.3618280832  0.3896534227  0.4030563637  0.4203788051  0.4879185275  0.1188011356  0.2980374719  0.4473846897  0.4188170868  0.4872811697  0.338473475  0.3901818287  0.3641956907  0.4624915806  
0.546412915  0.463015236  0.3977468075  0.3818357667  0.4720670398  0.4547812154  0.479007146  0.5116898176  0.1363765537  0.3970407488  0.5291269489  0.4960945114  0.5322163223  0.337553186  0.5150223355  0.3979297182  0.4717094565  
0.6276567663  0.3946182948  0.4403730551  0.3490837656  0.5089870342  0.5192038426  0.4818400997  0.4725898934  0.141054129  0.4778581448  0.5587364443  0.4929169501  0.4916596702  0.3400922641  0.5074356023  0.4387982181  0.4826805281  
0.6069534506  0.4190801096  0.4845403137  0.4323090592  0.511670843  0.5467687982  0.5788912702  0.6804508933  0.1398499586  0.5371206504  0.556097031  0.5324896416  0.699143296  0.3427583553  0.4964738  0.5073228667  0.567196328  
0.400376537  0.3432166899  0.4328874397  0.3821169286  0.5074215768  0.5096055467  0.5078539292  0.5201446935  0.1338172967  0.3792908108  0.4308277916  0.5115498805  0.5532053981  0.3965794154  0.4725648433  0.479684838  0.4612236536  
0.5084345852  0.3614535548  0.3310295975  0.355386961  0.3926966062  0.4058737254  0.4166741395  0.4743333944  0.1091770332  0.2802475618  0.3917397939  0.4638965236  0.5349677619  0.2987664331  0.3856352586  0.3961291187  0.4434122447  
0.5431124355  0.3002212765  0.366395819  0.3354557982  0.2424230969  0.3771256002  0.3696033529  0.4629727991  0.1219847736  0.4923431813  0.4753226247  0.3844210435  0.5258163498  0.2819268703  0.3841862886  0.4624885524  0.4362689569  
0.6259547387  0.2921608098  0.3171627061  0.2994992002  0.3615508735  0.4104901553  0.410569584  0.4902600843  0.1073299484  0.3189287744  0.4024177437  0.4687921938  0.5561901975  0.3387841145  0.3825444933  0.4928129709  0.653342882  
0.6352653759  0.25997969  0.3703722294  0.3374085988  0.3361596468  0.4022464169  0.4052023649  0.5339303559  0.1178287268  0.2925187871  0.4761246889  0.4050804046  0.5284982442  0.2600123491  0.4179611889  0.4398923448  0.4642091195  
0.3380867924  0.3412318858  0.448136942  0.3401998102  0.4049860344  0.4634750715  0.430889042  0.4103327051  0.1291255007  0.5514479835  0.5579464512  0.3675110396  0.3854553598  0.3400738642  0.4791710247  0.4156322878  0.4010104332  
0.3936564539  0.3207285432  0.3452325204  0.3178343026  0.4350896986  0.4396237647  0.4457311911  0.4692460979  0.1156532084  0.4077281111  0.4998809087  0.4065815848  0.4474739157  0.2944839343  0.3861653013  0.3891786454  0.439865892  
0.3412072062  0.234956503  0.5189026933  0.3633553398  0.3335357293  0.5373002924  0.4695374843  0.4596263109  0.1350268722  0.6408649785  0.6074209688  0.3797378513  0.439283899  0.4257444948  0.4449292589  0.4452597332  0.4056156037  
0.5424629024  0.3404412363  0.4556625598  0.3851904121  0.470007601  0.5663490615  0.5391390668  0.6047915397  0.1459805343  0.4883684817  0.6024823149  0.5215338967  0.5694884218  0.4489809662  0.5186453857  0.5516693222  0.5234981039  
0.6568278074  0.2683770223  0.3894391327  0.3033412169  0.4590798244  0.5074601775  0.4628777521  0.5614524485  0.1095382754  0.3597676035  0.4166057167  0.561353395  0.6367254972  0.3536138318  0.4009833643  0.5014848358  0.7023450464  
0.6144636614  0.451297379  0.4398345748  0.3982515358  0.4564257912  0.5001521946  0.5247581012  0.6171645216  0.1407373612  0.4130685652  0.5011688072  0.589271073  0.6663404037  0.3679369271  0.4339206868  0.4927248167  0.5726784054  
0.5080736237  0.316471927  0.4153816184  0.3326091482  0.4283232663  0.4901840919  0.4269070596  0.3767423081  0.1096546407  0.5001724171  0.5170853554  0.4333505178  0.4088624606  0.3029856637  0.4202333233  0.3923346327  0.4453137396  
0.37979381  0.4366098727  0.5559613975  0.4651048001  0.5061011839  0.5775355054  0.5343121138  0.5381440684  0.1701663216  0.8947728767  0.7236234599  0.4527643116  0.4885819272  0.4864159584  0.5255607517  0.5508738765  0.4331516755  
0.5118208102  0.3443306718  0.4060307373  0.3482862155  0.4391267462  0.4949975716  0.4553699007  0.4539773893  0.1431309928  0.5212289916  0.5262962979  0.478412703  0.4836733347  0.4409938358  0.423446111  0.441467651  0.4471645653  
0.4199652842  0.4165286407  0.4772641964  0.4164514789  0.4088896354  0.5561945893  0.5021754731  0.5322779501  0.1665597014  0.9875435958  0.7615484419  0.4268281787  0.5674065659  0.3535008647  0.4519515916  0.5880136048  0.4963937203  
0.4656662217  0.35520849  0.5655199676  0.428780333  0.3671487521  0.5765325807  0.5429413506  0.5790098796  0.162068847  1.195573731  0.9868206533  0.4133666518  0.4988661695  0.3648023471  0.4762806046  0.6417166627  0.4506633644  
0.5811445585  0.3459132359  0.3887399917  0.3443736313  0.4576447632  0.4833768869  0.4833975791  0.5622421094  0.112500919  0.3595424389  0.4457660017  0.4859224325  0.5909943339  0.3817603454  0.3892936874  0.4604197979  0.5160564476  
0.7144291656  0.2866984891  0.4240085228  0.349124679  0.3173955175  0.452376813  0.4409649366  0.4861228325  0.1292401857  0.6041712026  0.6028464767  0.3913698656  0.5311247905  0.319292108  0.4594659768  0.5153102291  0.4345415383  
0.5749669075  0.3748745683  0.4070892164  0.3507290007  0.4693774072  0.4566704743  0.4357841626  0.5047571626  0.1236998239  0.4455862759  0.5479924104  0.4716401345  0.537759626  0.2800266795  0.4433377395  0.4234456609  0.4872364077  
0.6278676391  0.284225163  0.4556313076  0.399034365  0.5243749356  0.5702440756  0.5139885656  0.5926743594  0.139701756  0.4791605568  0.529673519  0.5391930271  0.5939877957  0.3481149137  0.4460713226  0.5536446133  0.5693526001  
0.4397595184  0.307856994  0.3747437036  0.3337338568  0.334635278  0.4026447387  0.4143410459  0.4706719277  0.1256356709  0.3659328517  0.4581464063  0.4102053929  0.4646635236  0.3944350503  0.4143576964  0.4076779956  0.4275861967  
0.4923652879  0.3360833042  0.3986439259  0.3269588322  0.526086686  0.53027374  0.4906928512  0.6230171313  0.1342218633  0.5027234442  0.6094525129  0.4905760244  0.5772178466  0.3431916617  0.4341874569  0.5204288133  0.5344484268  
0.5395767433  0.3821761807  0.4342346789  0.368946611  0.4684670295  0.5073535065  0.4819924017  0.4442354133  0.127900202  0.5856445267  0.4991438104  0.431558659  0.4497150407  0.3110808432  0.4425607021  0.4604632116  0.4545856848  
0.5087210238  0.3517482647  0.3747868535  0.3357650848  0.391669519  0.4670418795  0.4195435754  0.5058520785  0.1129007156  0.4687535687  0.4935465054  0.4783293181  0.5438846834  0.3324906375  0.418927775  0.4976777435  0.4955083373  
0.5973780666  0.5074388911  0.5643986449  0.5834044139  0.6279315632  0.7355275271  0.5930445276  0.4168942718  0.1474892616  1.12129083  0.5143440315  0.526579389  0.4371219787  0.5109457932  0.4696849218  0.5276732041  0.5025189915  
0.6402337296  0.2784446252  0.4033688209  0.347300454  0.4006050684  0.4873457214  0.4354877458  0.5035432012  0.1218266441  0.5453141384  0.4297711066  0.4728522779  0.5684971308  0.2523159189  0.4086824529  0.4926579231  0.4838130711  
